0.500000 -5.691500e+08 1.179945e+01 6.879951e+03 -1.416002e-04 2.922817e-12 -2.253881e+04 4.665999e-04 2.361743e-10 4.796341e+13
1.000000 -4.540973e+08 8.038739e+00 8.540277e+03 -1.504874e-04 2.656153e-12 -2.011580e+04 3.557649e-04 2.163185e-10 2.446516e+13
1.500000 -3.702593e+08 5.782864e+00 1.016871e+04 -1.582909e-04 2.466726e-12 -1.805245e+04 2.817274e-04 2.020450e-10 1.362390e+13
2.000000 -3.071463e+08 4.327424e+00 1.176182e+04 -1.653264e-04 2.325705e-12 -1.649054e+04 2.322132e-04 1.912032e-10 8.078567e+12
2.500000 -2.654085e+08 3.425260e+00 1.331823e+04 -1.715892e-04 2.212015e-12 -1.542376e+04 1.989558e-04 1.824392e-10 5.316356e+12
3.000000 -2.353100e+08 2.810645e+00 1.484988e+04 -1.771438e-04 2.114190e-12 -1.485913e+04 1.774032e-04 1.748129e-10 3.741991e+12
3.500000 -2.137340e+08 2.382849e+00 1.631449e+04 -1.817211e-04 2.024862e-12 -1.456407e+04 1.623210e-04 1.681120e-10 2.806684e+12
4.000000 -1.979491e+08 2.076130e+00 1.769817e+04 -1.854888e-04 1.944666e-12 -1.430904e+04 1.500446e-04 1.618287e-10 2.217817e+12
4.500000 -1.857997e+08 1.842392e+00 1.904293e+04 -1.887249e-04 1.870850e-12 -1.403761e+04 1.391805e-04 1.557753e-10 1.815089e+12
5.000000 -1.774122e+08 1.671218e+00 2.035001e+04 -1.916142e-04 1.804643e-12 -1.379929e+04 1.299814e-04 1.501467e-10 1.547986e+12
5.500000 -1.702657e+08 1.529607e+00 2.160255e+04 -1.939976e-04 1.742502e-12 -1.356193e+04 1.218297e-04 1.450050e-10 1.342988e+12
6.000000 -1.636902e+08 1.406917e+00 2.279932e+04 -1.958973e-04 1.683491e-12 -1.331550e+04 1.144421e-04 1.401627e-10 1.175966e+12
6.500000 -1.579558e+08 1.302132e+00 2.395170e+04 -1.973929e-04 1.627035e-12 -1.307853e+04 1.078117e-04 1.355571e-10 1.042243e+12
7.000000 -1.521338e+08 1.205159e+00 2.507279e+04 -1.985662e-04 1.572790e-12 -1.285107e+04 1.017992e-04 1.312224e-10 9.235895e+11
7.500000 -1.463440e+08 1.116234e+00 2.618927e+04 -1.997084e-04 1.523091e-12 -1.261905e+04 9.624783e-05 1.272696e-10 8.181703e+11
8.000000 -1.409024e+08 1.036225e+00 2.729696e+04 -2.007007e-04 1.475831e-12 -1.237796e+04 9.102723e-05 1.234861e-10 7.276632e+11
8.500000 -1.358341e+08 9.650841e-01 2.837585e+04 -2.015646e-04 1.431954e-12 -1.214365e+04 8.627798e-05 1.199511e-10 6.505040e+11
9.000000 -1.312483e+08 9.020822e-01 2.949289e+04 -2.026696e-04 1.392843e-12 -1.191982e+04 8.192484e-05 1.167046e-10 5.843067e+11
9.500000 -1.265995e+08 8.438441e-01 3.059542e+04 -2.038934e-04 1.358911e-12 -1.169154e+04 7.792813e-05 1.138067e-10 5.240734e+11
10.000000 -1.219668e+08 7.887897e-01 3.173325e+04 -2.051899e-04 1.326892e-12 -1.146775e+04 7.416369e-05 1.110938e-10 4.689695e+11
10.500000 -1.176642e+08 7.392442e-01 3.288196e+04 -2.065522e-04 1.297589e-12 -1.124093e+04 7.062230e-05 1.085507e-10 4.212038e+11
11.000000 -1.137291e+08 6.946401e-01 3.404606e+04 -2.079157e-04 1.269818e-12 -1.102204e+04 6.732079e-05 1.060620e-10 3.800382e+11
11.500000 -1.098352e+08 6.525607e-01 3.523046e+04 -2.092788e-04 1.243274e-12 -1.079216e+04 6.411857e-05 1.036744e-10 3.425580e+11
12.000000 -1.059403e+08 6.124317e-01 3.647424e+04 -2.108231e-04 1.218652e-12 -1.057454e+04 6.113009e-05 1.013659e-10 3.078180e+11
12.500000 -1.024067e+08 5.770411e-01 3.768884e+04 -2.123391e-04 1.196402e-12 -1.037114e+04 5.843911e-05 9.918385e-11 2.783460e+11
13.000000 -9.891756e+07 5.434969e-01 3.894872e+04 -2.139719e-04 1.175568e-12 -1.017810e+04 5.592261e-05 9.707477e-11 2.513069e+11
13.500000 -9.543713e+07 5.118483e-01 4.018550e+04 -2.154955e-04 1.155662e-12 -9.980981e+03 5.352957e-05 9.506920e-11 2.267317e+11
14.000000 -9.208564e+07 4.828802e-01 4.141649e+04 -2.171533e-04 1.138629e-12 -9.789433e+03 5.133353e-05 9.316508e-11 2.048141e+11
14.500000 -8.877962e+07 4.556018e-01 4.262741e+04 -2.187317e-04 1.122421e-12 -9.588826e+03 4.920821e-05 9.130853e-11 1.849564e+11
15.000000 -8.562774e+07 4.301358e-01 4.386103e+04 -2.203034e-04 1.106582e-12 -9.394712e+03 4.719238e-05 8.948604e-11 1.672203e+11
15.500000 -8.266523e+07 4.068383e-01 4.505614e+04 -2.217230e-04 1.091155e-12 -9.209636e+03 4.532553e-05 8.769722e-11 1.517051e+11
16.000000 -8.000626e+07 3.858699e-01 4.624868e+04 -2.230346e-04 1.075634e-12 -9.030485e+03 4.355394e-05 8.593473e-11 1.384411e+11
16.500000 -7.736660e+07 3.657554e-01 4.745039e+04 -2.243032e-04 1.060350e-12 -8.858565e+03 4.187942e-05 8.425074e-11 1.261768e+11
17.000000 -7.481264e+07 3.467980e-01 4.865709e+04 -2.255312e-04 1.045407e-12 -8.685114e+03 4.026033e-05 8.256858e-11 1.150565e+11
17.500000 -7.243889e+07 3.292392e-01 4.989313e+04 -2.267467e-04 1.030526e-12 -8.521814e+03 3.873217e-05 8.095626e-11 1.051978e+11
18.000000 -7.014655e+07 3.127621e-01 5.114097e+04 -2.280023e-04 1.016544e-12 -8.361949e+03 3.728351e-05 7.937721e-11 9.623705e+10
18.500000 -6.789384e+07 2.971927e-01 5.235960e+04 -2.291755e-04 1.003127e-12 -8.205042e+03 3.591608e-05 7.782290e-11 8.805680e+10
19.000000 -6.582284e+07 2.829980e-01 5.359749e+04 -2.304182e-04 9.906135e-13 -8.056539e+03 3.463831e-05 7.629026e-11 8.085416e+10
19.500000 -6.380464e+07 2.696847e-01 5.482395e+04 -2.317084e-04 9.793257e-13 -7.908065e+03 3.342529e-05 7.489074e-11 7.427227e+10
20.000000 -6.186510e+07 2.572448e-01 5.601863e+04 -2.329176e-04 9.684687e-13 -7.771088e+03 3.231339e-05 7.350746e-11 6.833555e+10
20.500000 -5.998636e+07 2.455065e-01 5.721178e+04 -2.341357e-04 9.582138e-13 -7.642269e+03 3.127767e-05 7.218919e-11 6.290687e+10
21.000000 -5.825733e+07 2.347518e-01 5.839040e+04 -2.352725e-04 9.480098e-13 -7.509910e+03 3.026178e-05 7.090269e-11 5.813569e+10
21.500000 -5.658371e+07 2.245907e-01 5.956551e+04 -2.364118e-04 9.383286e-13 -7.379722e+03 2.929152e-05 6.965513e-11 5.376004e+10
22.000000 -5.500813e+07 2.150879e-01 6.076791e+04 -2.375952e-04 9.289922e-13 -7.258717e+03 2.838247e-05 6.842781e-11 4.980276e+10
22.500000 -5.344552e+07 2.059150e-01 6.197364e+04 -2.387580e-04 9.198564e-13 -7.143596e+03 2.752295e-05 6.724266e-11 4.609865e+10
23.000000 -5.194031e+07 1.971965e-01 6.317469e+04 -2.398355e-04 9.105302e-13 -7.026002e+03 2.667497e-05 6.607559e-11 4.271052e+10
23.500000 -5.051937e+07 1.890437e-01 6.434484e+04 -2.407651e-04 9.009157e-13 -6.913384e+03 2.586999e-05 6.495676e-11 3.967064e+10
24.000000 -4.914158e+07 1.812786e-01 6.550398e+04 -2.416248e-04 8.913031e-13 -6.802888e+03 2.509525e-05 6.389160e-11 3.687222e+10
24.500000 -4.772240e+07 1.735604e-01 6.667133e+04 -2.424621e-04 8.817776e-13 -6.698939e+03 2.436320e-05 6.286562e-11 3.416427e+10
25.000000 -4.636885e+07 1.662489e-01 6.786074e+04 -2.432916e-04 8.722603e-13 -6.597911e+03 2.365592e-05 6.185732e-11 3.168852e+10
25.500000 -4.507260e+07 1.593297e-01 6.907020e+04 -2.441467e-04 8.630210e-13 -6.496606e+03 2.296521e-05 6.086747e-11 2.941729e+10
26.000000 -4.377399e+07 1.525967e-01 7.025522e+04 -2.448977e-04 8.536917e-13 -6.399463e+03 2.230864e-05 5.989137e-11 2.727827e+10
26.500000 -4.257606e+07 1.463444e-01 7.144787e+04 -2.455715e-04 8.440667e-13 -6.300550e+03 2.165662e-05 5.886512e-11 2.537468e+10
27.000000 -4.141607e+07 1.404079e-01 7.260560e+04 -2.461338e-04 8.344151e-13 -6.199493e+03 2.101749e-05 5.783475e-11 2.362794e+10
27.500000 -4.033043e+07 1.348244e-01 7.376948e+04 -2.465988e-04 8.243567e-13 -6.094502e+03 2.037400e-05 5.682486e-11 2.205185e+10
28.000000 -3.924639e+07 1.294362e-01 7.490198e+04 -2.470178e-04 8.146529e-13 -5.993196e+03 1.976586e-05 5.585256e-11 2.056664e+10
28.500000 -3.824869e+07 1.244560e-01 7.604944e+04 -2.474430e-04 8.051261e-13 -5.900313e+03 1.919886e-05 5.488612e-11 1.923929e+10
29.000000 -3.725995e+07 1.195994e-01 7.724630e+04 -2.479383e-04 7.958278e-13 -5.807580e+03 1.864160e-05 5.391121e-11 1.797477e+10
29.500000 -3.626461e+07 1.148342e-01 7.844133e+04 -2.483778e-04 7.864840e-13 -5.718684e+03 1.810860e-05 5.294548e-11 1.676784e+10
30.000000 -3.531594e+07 1.103204e-01 7.965186e+04 -2.488053e-04 7.772006e-13 -5.628785e+03 1.758334e-05 5.199581e-11 1.566039e+10
30.500000 -3.439994e+07 1.060010e-01 8.087971e+04 -2.492138e-04 7.679163e-13 -5.536177e+03 1.705943e-05 5.106454e-11 1.463282e+10
31.000000 -3.348765e+07 1.017795e-01 8.211446e+04 -2.495590e-04 7.584673e-13 -5.450556e+03 1.656596e-05 5.013932e-11 1.365862e+10
31.500000 -3.258927e+07 9.767925e-02 8.336537e+04 -2.498576e-04 7.488748e-13 -5.364717e+03 1.607963e-05 4.920789e-11 1.274140e+10
32.000000 -3.172503e+07 9.377688e-02 8.458862e+04 -2.500263e-04 7.390424e-13 -5.282356e+03 1.561429e-05 4.829248e-11 1.189984e+10
32.500000 -3.092050e+07 9.015600e-02 8.580947e+04 -2.501865e-04 7.294609e-13 -5.199229e+03 1.515963e-05 4.738012e-11 1.114313e+10
33.000000 -3.011928e+07 8.661584e-02 8.705011e+04 -2.503234e-04 7.198531e-13 -5.116294e+03 1.471329e-05 4.647320e-11 1.042246e+10
33.500000 -2.932243e+07 8.317906e-02 8.833510e+04 -2.505684e-04 7.107702e-13 -5.038022e+03 1.429139e-05 4.561420e-11 9.734654e+09
34.000000 -2.853249e+07 7.980689e-02 8.959355e+04 -2.505858e-04 7.008846e-13 -4.956911e+03 1.386478e-05 4.472799e-11 9.087709e+09
34.500000 -2.777780e+07 7.659799e-02 9.087912e+04 -2.505894e-04 6.909897e-13 -4.877667e+03 1.345033e-05 4.386084e-11 8.491489e+09
35.000000 -2.704888e+07 7.355178e-02 9.217280e+04 -2.506261e-04 6.814905e-13 -4.798462e+03 1.304810e-05 4.302453e-11 7.938619e+09
35.500000 -2.633852e+07 7.062371e-02 9.344984e+04 -2.505638e-04 6.718432e-13 -4.725341e+03 1.267050e-05 4.218353e-11 7.424214e+09
36.000000 -2.564541e+07 6.782142e-02 9.468923e+04 -2.504018e-04 6.621926e-13 -4.646138e+03 1.228715e-05 4.135907e-11 6.946549e+09
36.500000 -2.496757e+07 6.512238e-02 9.597716e+04 -2.503235e-04 6.528983e-13 -4.568623e+03 1.191627e-05 4.054212e-11 6.495827e+09
37.000000 -2.431045e+07 6.251307e-02 9.728367e+04 -2.501477e-04 6.432263e-13 -4.494598e+03 1.155767e-05 3.973773e-11 6.075709e+09
37.500000 -2.367532e+07 6.001503e-02 9.860211e+04 -2.499367e-04 6.335546e-13 -4.416377e+03 1.119521e-05 3.894969e-11 5.685333e+09
38.000000 -2.304448e+07 5.760611e-02 9.990465e+04 -2.497272e-04 6.242471e-13 -4.336550e+03 1.084045e-05 3.817888e-11 5.316200e+09
38.500000 -2.241263e+07 5.524003e-02 1.012066e+05 -2.494308e-04 6.147535e-13 -4.262192e+03 1.050500e-05 3.740935e-11 4.963936e+09
39.000000 -2.179647e+07 5.297292e-02 1.025191e+05 -2.491443e-04 6.054912e-13 -4.188864e+03 1.018041e-05 3.665652e-11 4.634683e+09
39.500000 -2.119334e+07 5.077931e-02 1.038359e+05 -2.487791e-04 5.960612e-13 -4.114600e+03 9.858619e-06 3.591794e-11 4.326156e+09
40.000000 -2.062021e+07 4.869448e-02 1.051356e+05 -2.482651e-04 5.862622e-13 -4.044423e+03 9.550894e-06 3.517393e-11 4.044700e+09
40.500000 -2.004357e+07 4.665223e-02 1.064720e+05 -2.478057e-04 5.767640e-13 -3.976077e+03 9.254494e-06 3.445592e-11 3.773675e+09
41.000000 -1.949165e+07 4.470215e-02 1.078392e+05 -2.473060e-04 5.671578e-13 -3.906498e+03 8.959194e-06 3.374837e-11 3.523472e+09
41.500000 -1.894878e+07 4.282274e-02 1.092064e+05 -2.467853e-04 5.577013e-13 -3.832390e+03 8.660931e-06 3.305620e-11 3.288266e+09
42.000000 -1.843270e+07 4.103402e-02 1.106073e+05 -2.462168e-04 5.481044e-13 -3.763885e+03 8.379025e-06 3.235577e-11 3.072132e+09
42.500000 -1.791545e+07 3.929217e-02 1.119870e+05 -2.455973e-04 5.386300e-13 -3.695042e+03 8.103992e-06 3.168397e-11 2.866439e+09
43.000000 -1.741267e+07 3.761975e-02 1.133908e+05 -2.449663e-04 5.292328e-13 -3.623141e+03 7.827790e-06 3.102066e-11 2.674245e+09
43.500000 -1.694263e+07 3.605971e-02 1.147975e+05 -2.443154e-04 5.199736e-13 -3.551004e+03 7.557793e-06 3.036625e-11 2.500812e+09
44.000000 -1.646661e+07 3.450979e-02 1.162595e+05 -2.436379e-04 5.105903e-13 -3.481318e+03 7.295994e-06 2.971640e-11 2.332540e+09
44.500000 -1.600689e+07 3.303990e-02 1.177147e+05 -2.429627e-04 5.014877e-13 -3.415096e+03 7.049142e-06 2.908622e-11 2.176889e+09
45.000000 -1.555624e+07 3.162216e-02 1.192018e+05 -2.422960e-04 4.925177e-13 -3.347695e+03 6.805125e-06 2.845998e-11 2.030393e+09
45.500000 -1.510643e+07 3.023465e-02 1.207661e+05 -2.416933e-04 4.837227e-13 -3.276814e+03 6.558393e-06 2.783851e-11 1.889876e+09
46.000000 -1.465402e+07 2.887760e-02 1.222894e+05 -2.409730e-04 4.748542e-13 -3.208308e+03 6.322405e-06 2.723407e-11 1.756242e+09
46.500000 -1.420990e+07 2.757256e-02 1.238453e+05 -2.402930e-04 4.662459e-13 -3.139916e+03 6.092659e-06 2.663908e-11 1.630653e+09
47.000000 -1.378201e+07 2.633015e-02 1.253906e+05 -2.395419e-04 4.576253e-13 -3.071329e+03 5.867724e-06 2.604455e-11 1.515019e+09
47.500000 -1.338158e+07 2.516944e-02 1.270203e+05 -2.388994e-04 4.493341e-13 -3.006273e+03 5.654546e-06 2.545943e-11 1.409931e+09
48.000000 -1.299286e+07 2.405729e-02 1.286495e+05 -2.381914e-04 4.410182e-13 -2.940778e+03 5.445121e-06 2.488347e-11 1.312368e+09
48.500000 -1.262089e+07 2.300843e-02 1.303349e+05 -2.375928e-04 4.331300e-13 -2.874740e+03 5.240824e-06 2.432550e-11 1.222297e+09
49.000000 -1.225107e+07 2.199254e-02 1.320808e+05 -2.370924e-04 4.256052e-13 -2.810183e+03 5.044739e-06 2.377699e-11 1.136494e+09
49.500000 -1.187567e+07 2.099436e-02 1.337834e+05 -2.364951e-04 4.180748e-13 -2.747994e+03 4.858071e-06 2.323195e-11 1.054324e+09
50.000000 -1.150155e+07 2.002259e-02 1.354811e+05 -2.358398e-04 4.105509e-13 -2.684617e+03 4.673558e-06 2.269587e-11 9.765639e+08
50.500000 -1.113138e+07 1.908445e-02 1.372228e+05 -2.352516e-04 4.033205e-13 -2.620352e+03 4.492572e-06 2.217917e-11 9.030972e+08
51.000000 -1.078474e+07 1.822026e-02 1.389166e+05 -2.346797e-04 3.964680e-13 -2.555792e+03 4.317929e-06 2.166345e-11 8.373842e+08
51.500000 -1.044673e+07 1.739225e-02 1.406511e+05 -2.341501e-04 3.898129e-13 -2.491846e+03 4.148588e-06 2.115540e-11 7.760381e+08
52.000000 -1.010023e+07 1.656307e-02 1.424255e+05 -2.335462e-04 3.829744e-13 -2.427768e+03 3.981284e-06 2.064200e-11 7.163669e+08
52.500000 -9.776906e+06 1.578939e-02 1.441952e+05 -2.328571e-04 3.760449e-13 -2.361777e+03 3.814238e-06 2.013946e-11 6.630082e+08
53.000000 -9.441973e+06 1.501623e-02 1.460202e+05 -2.322115e-04 3.692895e-13 -2.299161e+03 3.656556e-06 1.962433e-11 6.106412e+08
53.500000 -9.122498e+06 1.428587e-02 1.478617e+05 -2.315380e-04 3.625780e-13 -2.235034e+03 3.500127e-06 1.911551e-11 5.629105e+08
54.000000 -8.790482e+06 1.354945e-02 1.497436e+05 -2.307956e-04 3.557291e-13 -2.174323e+03 3.351464e-06 1.861291e-11 5.161353e+08
54.500000 -8.456062e+06 1.282941e-02 1.515881e+05 -2.299715e-04 3.488956e-13 -2.113620e+03 3.206772e-06 1.811455e-11 4.717987e+08
55.000000 -8.129057e+06 1.213854e-02 1.534546e+05 -2.291264e-04 3.421239e-13 -2.052344e+03 3.064645e-06 1.761652e-11 4.307156e+08
55.500000 -7.811168e+06 1.147175e-02 1.553359e+05 -2.281154e-04 3.350048e-13 -1.991936e+03 2.925451e-06 1.710857e-11 3.928665e+08
56.000000 -7.498034e+06 1.082973e-02 1.572532e+05 -2.271106e-04 3.280117e-13 -1.932267e+03 2.790880e-06 1.660340e-11 3.575909e+08
56.500000 -7.197162e+06 1.022671e-02 1.591620e+05 -2.261425e-04 3.213201e-13 -1.871423e+03 2.659193e-06 1.612178e-11 3.255207e+08
57.000000 -6.891209e+06 9.632390e-03 1.610742e+05 -2.251287e-04 3.146655e-13 -1.813635e+03 2.535070e-06 1.563658e-11 2.948950e+08
57.500000 -6.599264e+06 9.072062e-03 1.629873e+05 -2.240425e-04 3.079791e-13 -1.757152e+03 2.415591e-06 1.515138e-11 2.672600e+08
58.000000 -6.314408e+06 8.531742e-03 1.649838e+05 -2.228999e-04 3.011572e-13 -1.700169e+03 2.297198e-06 1.466997e-11 2.417312e+08
58.500000 -6.031845e+06 8.006810e-03 1.670084e+05 -2.216713e-04 2.942361e-13 -1.646198e+03 2.185207e-06 1.418943e-11 2.179099e+08
59.000000 -5.744683e+06 7.495260e-03 1.689800e+05 -2.204540e-04 2.876171e-13 -1.591806e+03 2.076876e-06 1.371733e-11 1.953539e+08
59.500000 -5.475213e+06 7.018477e-03 1.709642e+05 -2.191333e-04 2.808842e-13 -1.537891e+03 1.971375e-06 1.326017e-11 1.753923e+08
60.000000 -5.220500e+06 6.571421e-03 1.729715e+05 -2.177117e-04 2.740344e-13 -1.483067e+03 1.866855e-06 1.280538e-11 1.576043e+08
60.500000 -4.964341e+06 6.135388e-03 1.750117e+05 -2.162748e-04 2.672768e-13 -1.428713e+03 1.765750e-06 1.235208e-11 1.408579e+08
61.000000 -4.719077e+06 5.725850e-03 1.770684e+05 -2.148236e-04 2.606386e-13 -1.372846e+03 1.665742e-06 1.191119e-11 1.258074e+08
61.500000 -4.475645e+06 5.331082e-03 1.791481e+05 -2.133676e-04 2.541333e-13 -1.319233e+03 1.571396e-06 1.148114e-11 1.118494e+08
62.000000 -4.241300e+06 4.960229e-03 1.811744e+05 -2.118638e-04 2.477607e-13 -1.264250e+03 1.478564e-06 1.105655e-11 9.932173e+07
62.500000 -4.005667e+06 4.597953e-03 1.832310e+05 -2.102998e-04 2.413777e-13 -1.210148e+03 1.389087e-06 1.064706e-11 8.760151e+07
63.000000 -3.783617e+06 4.258786e-03 1.854017e+05 -2.086618e-04 2.348499e-13 -1.156740e+03 1.302024e-06 1.022688e-11 7.724328e+07
63.500000 -3.563947e+06 3.934204e-03 1.875304e+05 -2.069878e-04 2.284731e-13 -1.103785e+03 1.218456e-06 9.827174e-12 6.776170e+07
64.000000 -3.342860e+06 3.620834e-03 1.896585e+05 -2.054050e-04 2.224679e-13 -1.050859e+03 1.138258e-06 9.444731e-12 5.894522e+07
64.500000 -3.136762e+06 3.332298e-03 1.918066e+05 -2.037382e-04 2.164209e-13 -9.978159e+02 1.060028e-06 9.068691e-12 5.132093e+07
65.000000 -2.929111e+06 3.051225e-03 1.939777e+05 -2.020380e-04 2.104419e-13 -9.447835e+02 9.841756e-07 8.701015e-12 4.425312e+07
65.500000 -2.725992e+06 2.785062e-03 1.960809e+05 -2.003026e-04 2.046237e-13 -8.932114e+02 9.125819e-07 8.352669e-12 3.791843e+07
66.000000 -2.526568e+06 2.530286e-03 1.982224e+05 -1.984852e-04 1.987573e-13 -8.402192e+02 8.414656e-07 8.006492e-12 3.222217e+07
66.500000 -2.339509e+06 2.295470e-03 2.004543e+05 -1.966503e-04 1.929272e-13 -7.893044e+02 7.744536e-07 7.665965e-12 2.732206e+07
67.000000 -2.147540e+06 2.063955e-03 2.027273e+05 -1.948016e-04 1.871950e-13 -7.393711e+02 7.105941e-07 7.330373e-12 2.276797e+07
67.500000 -1.961813e+06 1.845885e-03 2.049527e+05 -1.928065e-04 1.813887e-13 -6.875108e+02 6.468868e-07 7.002981e-12 1.879434e+07
68.000000 -1.784048e+06 1.643460e-03 2.071413e+05 -1.907816e-04 1.757226e-13 -6.377126e+02 5.874708e-07 6.693110e-12 1.537912e+07
68.500000 -1.614275e+06 1.455567e-03 2.093802e+05 -1.887559e-04 1.701713e-13 -5.864215e+02 5.287776e-07 6.389144e-12 1.245908e+07
69.000000 -1.441349e+06 1.271910e-03 2.115341e+05 -1.866238e-04 1.646551e-13 -5.333690e+02 4.706772e-07 6.092836e-12 9.834142e+06
69.500000 -1.269944e+06 1.096692e-03 2.137150e+05 -1.845079e-04 1.593008e-13 -4.792382e+02 4.138647e-07 5.809792e-12 7.559530e+06
70.000000 -1.102768e+06 9.306016e-04 2.159986e+05 -1.822227e-04 1.537371e-13 -4.276965e+02 3.609297e-07 5.527618e-12 5.640439e+06
70.500000 -9.462718e+05 7.801592e-04 2.182763e+05 -1.798990e-04 1.482776e-13 -3.768554e+02 3.107084e-07 5.260648e-12 4.112193e+06
71.000000 -7.936026e+05 6.392721e-04 2.205734e+05 -1.776120e-04 1.430262e-13 -3.268893e+02 2.633233e-07 4.997345e-12 2.864209e+06
71.500000 -6.533280e+05 5.139956e-04 2.229186e+05 -1.753010e-04 1.378630e-13 -2.772214e+02 2.181098e-07 4.741766e-12 1.922378e+06
72.000000 -5.178976e+05 3.977456e-04 2.253000e+05 -1.729356e-04 1.327503e-13 -2.253429e+02 1.730772e-07 4.494860e-12 1.197194e+06
72.500000 -3.913986e+05 2.930200e-04 2.276611e+05 -1.703179e-04 1.274268e-13 -1.733963e+02 1.298228e-07 4.254118e-12 6.789351e+05
73.000000 -2.692909e+05 1.964583e-04 2.300743e+05 -1.676839e-04 1.222208e-13 -1.237732e+02 9.031064e-08 4.020418e-12 3.204008e+05
73.500000 -1.573258e+05 1.119258e-04 2.325445e+05 -1.651908e-04 1.173531e-13 -7.327879e+01 5.214970e-08 3.796392e-12 1.108209e+05
74.000000 -4.951960e+04 3.441260e-05 2.350701e+05 -1.625754e-04 1.124462e-13 -2.339137e+01 1.627200e-08 3.580938e-12 1.437628e+04
74.500000 5.440657e+04 -3.644753e-05 2.376112e+05 -1.598780e-04 1.075833e-13 2.637825e+01 -1.765554e-08 3.369882e-12 1.615836e+04
75.000000 1.589537e+05 -1.038429e-04 2.401761e+05 -1.571480e-04 1.028310e-13 7.787952e+01 -5.086013e-08 3.163740e-12 1.088977e+05
75.500000 2.599436e+05 -1.651925e-04 2.428126e+05 -1.544410e-04 9.824037e-14 1.276261e+02 -8.108729e-08 2.968989e-12 2.814573e+05
76.000000 3.544010e+05 -2.188092e-04 2.454487e+05 -1.516342e-04 9.368545e-14 1.780965e+02 -1.099343e-07 2.786171e-12 5.144026e+05
76.500000 4.425263e+05 -2.651210e-04 2.481586e+05 -1.487425e-04 8.916247e-14 2.295020e+02 -1.374716e-07 2.609655e-12 7.913181e+05
77.000000 5.267680e+05 -3.058336e-04 2.509375e+05 -1.457479e-04 8.466041e-14 2.791118e+02 -1.620293e-07 2.434617e-12 1.108018e+06
77.500000 6.102864e+05 -3.435171e-04 2.537514e+05 -1.428776e-04 8.045676e-14 3.275730e+02 -1.843656e-07 2.268544e-12 1.469732e+06
78.000000 6.945811e+05 -3.788148e-04 2.565655e+05 -1.399689e-04 7.636731e-14 3.765626e+02 -2.053561e-07 2.109538e-12 1.882479e+06
78.500000 7.833802e+05 -4.136130e-04 2.593561e+05 -1.369749e-04 7.234892e-14 4.250715e+02 -2.244184e-07 1.959041e-12 2.368399e+06
79.000000 8.749438e+05 -4.470660e-04 2.622393e+05 -1.340303e-04 6.851009e-14 4.748394e+02 -2.426153e-07 1.817562e-12 2.921537e+06
79.500000 9.714802e+05 -4.801030e-04 2.651574e+05 -1.310749e-04 6.480133e-14 5.247015e+02 -2.593036e-07 1.680819e-12 3.562101e+06
80.000000 1.075073e+06 -5.136380e-04 2.681133e+05 -1.281263e-04 6.123603e-14 5.754137e+02 -2.749107e-07 1.551683e-12 4.313412e+06
