
       0.243868      -0.958098  -0.112742E-05   0.226085E-02   0.927076E-02  -0.447068E-04
      15.173614       1.607150   0.996411E-06  -0.517742E+00  -0.341222E-01   0.236840E-04
       0.912693      -0.843180   0.146600E-05   0.285933E-01   0.313284E-01   0.672099E-04
       0.223356      -0.961623   0.433635E-05   0.211353E-02   0.946263E-02   0.194310E-03
      18.468478       2.173278  -0.736243E-06  -0.393287E+00  -0.212968E-01  -0.276632E-04
       4.615250      -0.207002  -0.431624E-05  -0.120516E-01  -0.261191E-02  -0.276695E-03
      24.116888       3.143795   0.555082E-06  -0.439791E+00  -0.182362E-01   0.430988E-05
      30.944517       4.316927   0.174545E-06  -0.910418E+00  -0.294229E-01   0.464087E-05
       3.151748      -0.458463  -0.104969E-05   0.170833E+00   0.542022E-01  -0.357885E-04
      27.456640       3.717636   0.113675E-05  -0.405803E+01  -0.147798E+00   0.109375E-04
       9.291374       0.596456   0.186439E-07   0.166340E+00   0.179020E-01   0.825558E-06
       0.955651      -0.835799   0.133748E-05   0.236849E-01   0.247839E-01   0.886944E-04
      15.232767       1.617314   0.381334E-06  -0.140656E+01  -0.923388E-01   0.625484E-05
       0.302756      -0.947980   0.500084E-05   0.415421E-02   0.137213E-01   0.240027E-03
       2.080632      -0.642503  -0.350145E-05   0.870980E-02   0.418595E-02  -0.153528E-03
       0.099241      -0.982948  -0.177751E-05   0.418444E-03   0.421656E-02  -0.172356E-03
       8.733768       0.500647  -0.420163E-07  -0.104626E+00  -0.119801E-01  -0.221701E-05
       0.013744      -0.997639  -0.726130E-06   0.123051E-04   0.895464E-03   0.289333E-05
       0.169136      -0.970939  -0.114455E-05   0.146217E-02   0.864492E-02  -0.569909E-04
       0.678895      -0.883351   0.291296E-05   0.180436E-01   0.265779E-01   0.165265E-03
       5.468205      -0.060446   0.120180E-05   0.131553E+00   0.240573E-01   0.531021E-04
       7.440399       0.278419   0.968294E-06   0.238038E+00   0.319917E-01   0.482184E-04
      14.241813       1.447047  -0.854805E-07  -0.107041E+01  -0.751603E-01  -0.569156E-05
       6.299102       0.082320   0.960370E-06   0.297490E+00   0.472273E-01   0.114322E-04
       0.131763      -0.977360   0.546305E-05   0.592611E-03   0.449778E-02   0.416751E-03
      10.057486       0.728090   0.556485E-07  -0.550029E+00  -0.546891E-01  -0.447537E-06
      39.667778       5.815769  -0.245746E-06  -0.676674E+01  -0.170588E+00  -0.518444E-05
      12.470404       1.142681   0.537601E-06   0.981714E+00   0.787224E-01   0.223309E-04
      19.939352       2.426005  -0.863966E-07  -0.280359E+00  -0.140608E-01  -0.858057E-06
      51.526671       7.853380  -0.167638E-06  -0.385601E+02  -0.748353E+00  -0.318455E-06
      26.134146       3.490403   0.111222E-06   0.340680E+01   0.130357E+00   0.154200E-05
       5.657251      -0.027964  -0.210218E-05   0.144303E-01   0.255014E-02  -0.985501E-04
       2.870469      -0.506792  -0.538064E-05   0.115518E+00   0.402434E-01  -0.212767E-03
       8.514987       0.463056  -0.777298E-07  -0.361456E+00  -0.424500E-01  -0.423283E-05
       1.060763      -0.817738  -0.237398E-05   0.222895E-01   0.210126E-01  -0.182504E-03
      15.613262       1.682691   0.490910E-06   0.901478E-02   0.577033E-03   0.431894E-05
       9.169513       0.575518   0.314452E-06  -0.583899E+00  -0.636790E-01   0.182720E-04
       1.301331      -0.776404   0.128933E-05   0.534123E-01   0.410441E-01   0.828947E-04
      20.443975       2.512710   0.607594E-06   0.703422E+00   0.344065E-01   0.854325E-05
       1.182586      -0.796807   0.206538E-06   0.358028E-01   0.302749E-01   0.218492E-04
       0.115539      -0.980148   0.541209E-05   0.447951E-03   0.387717E-02   0.368528E-03
       1.225507      -0.789432  -0.117141E-05   0.498307E-01   0.406612E-01  -0.348845E-04
       1.057826      -0.818243   0.286490E-05   0.253668E-01   0.239800E-01   0.142340E-03
       3.939759      -0.323066   0.517405E-06  -0.667861E-02  -0.169549E-02   0.199556E-04
       0.376791      -0.935259   0.336511E-06   0.456477E-02   0.121149E-01   0.347044E-04
       3.881006      -0.333160   0.680702E-06  -0.235736E-01  -0.607430E-02   0.157631E-04
       5.100580      -0.123612   0.595880E-06  -0.321045E-02  -0.629674E-03   0.152452E-04
       5.386393      -0.074503   0.509053E-06   0.606748E-01   0.112643E-01   0.878151E-05
       5.710909      -0.018744   0.140841E-05   0.932115E-01   0.163215E-01   0.141439E-04
      19.583996       2.364948   0.366672E-06  -0.103684E+01  -0.529440E-01   0.514607E-05
      10.560428       0.814507  -0.266293E-05  -0.839297E+00  -0.794763E-01  -0.720496E-04
       1.776032      -0.694840   0.958867E-06   0.873323E-01   0.491725E-01   0.604746E-04
       3.963298      -0.319021  -0.152100E-05   0.167663E+00   0.423033E-01  -0.797568E-04
       3.347039      -0.424907   0.326647E-06   0.137591E+00   0.411078E-01   0.368340E-04
       6.867804       0.180035   0.420575E-06   0.256533E+00   0.373522E-01   0.153083E-04
       3.709155      -0.362688   0.310602E-06   0.151147E+00   0.407497E-01   0.342086E-05
      19.798825       2.401860  -0.464024E-06  -0.212855E+01  -0.107510E+00  -0.128816E-04
       0.028538      -0.995097   0.969347E-05   0.372666E-04   0.130609E-02   0.710356E-03
       3.601921      -0.381113  -0.203174E-05   0.115375E+00   0.320311E-01  -0.916221E-04
       2.313385      -0.602511   0.115311E-06  -0.148914E-01  -0.643734E-02   0.112030E-05
      22.527526       2.870709   0.187731E-05  -0.348849E+01  -0.154857E+00   0.793537E-04
       0.006879      -0.998818   0.970234E-05   0.259994E-05   0.378338E-03   0.848311E-03
      30.986976       4.324222   0.872052E-06  -0.889786E+01  -0.287149E+00   0.104779E-04
       3.963296      -0.319021  -0.424470E-06   0.496404E-01   0.125248E-01  -0.430946E-05
       1.748725      -0.699532  -0.126852E-05   0.504310E-01   0.288385E-01  -0.621867E-04
       6.165284       0.059327  -0.863737E-06   0.181045E+00   0.293646E-01  -0.412980E-04
       4.577010      -0.213572   0.230319E-05   0.896326E-01   0.195828E-01   0.882701E-04
      23.007042       2.953100   0.502003E-06  -0.802548E+00  -0.348833E-01   0.535909E-05
      15.830738       1.720058  -0.691306E-06   0.333768E-01   0.210697E-02  -0.241077E-04
       0.124206      -0.978659   0.292905E-05   0.622786E-03   0.501412E-02   0.146096E-03
       0.589216      -0.898760   0.120075E-05   0.509372E-02   0.864485E-02   0.639501E-04
       4.573647      -0.214150   0.110255E-05   0.161934E+00   0.354054E-01   0.423864E-04
       9.670668       0.661627  -0.120845E-05   0.119345E+01   0.123408E+00  -0.462852E-04
      22.629668       2.888259  -0.254728E-07   0.141908E+01   0.627069E-01  -0.195797E-05
       6.244704       0.072973  -0.938640E-06  -0.233453E+00  -0.373848E-01  -0.323576E-04
       0.057630      -0.990098  -0.527460E-07   0.166880E-03   0.289577E-02  -0.531286E-04
       1.864314      -0.679671  -0.331133E-06   0.362787E-01   0.194593E-01  -0.625372E-05
      15.908464       1.733413  -0.278842E-06   0.712878E+00   0.448104E-01  -0.951019E-05
       5.283904      -0.092113  -0.571879E-06   0.227387E+00   0.430338E-01  -0.916852E-05
      33.864295       4.818607  -0.563874E-06  -0.327225E+01  -0.966315E-01  -0.133051E-04
       0.976018      -0.832299  -0.390396E-05   0.254814E-01   0.261074E-01  -0.169470E-03
      10.707090       0.839706   0.107003E-05   0.651799E+00   0.608743E-01   0.463761E-04
      11.732523       1.015897  -0.328077E-06   0.565221E+00   0.481749E-01  -0.923193E-05
      14.224945       1.444148  -0.107729E-05  -0.112389E+01  -0.790094E-01  -0.309303E-04
       8.992034       0.545023  -0.638776E-06  -0.377793E+00  -0.420146E-01  -0.966856E-05
       2.694904      -0.536958   0.445693E-06   0.525513E-01   0.195001E-01   0.908566E-05
       0.506134      -0.913035  -0.989573E-06   0.407002E-02   0.804134E-02  -0.335060E-04
      13.617127       1.339712   0.189621E-06   0.574032E+00   0.421549E-01   0.153749E-05
       9.464997       0.626288   0.911632E-06  -0.280902E+00  -0.296793E-01   0.572372E-04
      20.759332       2.566895  -0.125528E-05  -0.885927E+00  -0.426771E-01  -0.270499E-04
       4.776457      -0.179303   0.232944E-05   0.385946E-01   0.807969E-02   0.102430E-03
      10.345046       0.777499  -0.465767E-06   0.246843E+00   0.238604E-01  -0.138117E-04
       0.113054      -0.980575   0.121461E-05   0.769266E-03   0.680436E-02   0.998474E-04
      26.146028       3.492445   0.570138E-06  -0.559826E+01  -0.214116E+00   0.664201E-05
       0.655648      -0.887346   0.784491E-06   0.965927E-02   0.147323E-01   0.719191E-04
      13.380219       1.299007  -0.126227E-05  -0.932257E-01  -0.696854E-02  -0.467634E-04
      13.555071       1.329050  -0.243470E-06  -0.829435E+00  -0.611910E-01  -0.611603E-05
      15.650663       1.689117   0.215665E-05  -0.884157E+00  -0.564954E-01   0.116936E-03
      25.015721       3.298234  -0.987360E-06  -0.154077E+01  -0.615936E-01  -0.271233E-04
      10.811685       0.857678  -0.589201E-06   0.125587E+01   0.116158E+00  -0.178037E-04
       3.803475      -0.346482  -0.226741E-05   0.200284E+00   0.526578E-01  -0.696118E-04
       0.396388      -0.931892   0.107979E-05   0.240639E-02   0.607076E-02   0.818804E-04
       8.488972       0.458586  -0.593584E-06   0.733477E+00   0.864028E-01  -0.204138E-04
       0.321530      -0.944754   0.510778E-05   0.437552E-02   0.136084E-01   0.281776E-03
       1.531465      -0.736862  -0.769124E-06   0.224862E-01   0.146827E-01  -0.300888E-04
       6.299706       0.082424  -0.125575E-05   0.254431E-02   0.403488E-03  -0.308364E-04
       0.376679      -0.935279   0.249986E-05   0.709407E-02   0.188331E-01   0.152375E-03
       4.315970      -0.258424  -0.567442E-06  -0.295780E-01  -0.685348E-02  -0.144068E-04
       4.364342      -0.250113  -0.812383E-06   0.183457E+00   0.420353E-01  -0.179839E-04
      45.185062       6.763756  -0.103683E-05  -0.227672E+02  -0.503871E+00  -0.337458E-04
       1.260339      -0.783447   0.211096E-05   0.250504E-01   0.198758E-01   0.102344E-03
       4.116836      -0.292640   0.726602E-06   0.134535E+00   0.326788E-01   0.364806E-04
       2.783137      -0.521798  -0.139387E-05   0.151609E-01   0.544720E-02  -0.697533E-04
      23.773594       3.084810  -0.465073E-06  -0.458499E+01  -0.192863E+00  -0.178313E-04
       3.079049      -0.470954   0.116741E-05   0.127906E+00   0.415404E-01   0.430907E-04
       9.514323       0.634763  -0.872619E-06   0.675092E+00   0.709547E-01  -0.219583E-04
       1.989896      -0.658094  -0.213962E-05   0.486405E-01   0.244435E-01  -0.819599E-04
       5.821076       0.000185   0.504005E-06   0.265573E-01   0.456189E-02   0.184458E-04
       4.322291      -0.257338  -0.148263E-05   0.155102E+00   0.358838E-01  -0.497420E-04
       0.383973      -0.934025  -0.955024E-06   0.483916E-02   0.126029E-01  -0.486239E-04
       0.140874      -0.975795   0.852794E-07   0.666703E-03   0.473260E-02   0.680590E-05
      12.157943       1.088994  -0.681800E-06   0.108259E+01   0.890428E-01  -0.116730E-04
      14.807007       1.544159   0.383003E-06   0.968347E+00   0.653972E-01   0.636926E-05
       6.563648       0.127775   0.663726E-06  -0.242848E-01  -0.370022E-02   0.132676E-04
       0.077823      -0.986628  -0.995624E-06   0.317204E-03   0.407596E-02  -0.627387E-04
       9.178819       0.577117  -0.134110E-05   0.898132E+00   0.978473E-01  -0.452187E-04
      16.422454       1.821727   0.274225E-06   0.977594E+00   0.595272E-01   0.292553E-05
       8.121741       0.395488   0.181877E-05  -0.235360E+00  -0.289796E-01   0.710791E-04
       6.770555       0.163325  -0.459375E-06  -0.433199E-01  -0.639860E-02  -0.946772E-05
       0.709255      -0.878135  -0.106346E-05   0.158099E-01   0.222907E-01  -0.525414E-04
       6.837743       0.174870   0.773655E-06   0.609907E+00   0.891970E-01   0.503939E-05
       2.250559      -0.613306   0.389746E-05   0.449128E-01   0.199561E-01   0.128392E-03
       1.844899      -0.683007   0.306111E-05   0.133999E-01   0.726292E-02   0.216828E-03
      16.557679       1.844962  -0.948819E-06  -0.764146E+00  -0.461521E-01  -0.281554E-04
       6.677222       0.147289  -0.487335E-06   0.101417E+00   0.151882E-01  -0.100500E-04
      53.920733       8.264730  -0.473458E-06  -0.504626E+02  -0.935870E+00  -0.140907E-04
       0.008792      -0.998489   0.228264E-04   0.379080E-05   0.432220E-03   0.203895E-02
       0.491507      -0.915549   0.772130E-06   0.108782E-01   0.221324E-01   0.486808E-04
      15.045016       1.585054   0.846950E-06   0.225043E+01   0.149580E+00   0.845116E-05
       1.212388      -0.791686   0.211841E-05   0.756694E-02   0.624125E-02   0.789853E-04
       0.597818      -0.897282   0.326681E-05   0.678089E-02   0.113427E-01   0.125145E-03
       1.486186      -0.744642   0.219163E-05   0.184942E-01   0.124439E-01   0.155268E-03
       4.028991      -0.307733   0.136284E-05   0.105041E+00   0.260710E-01   0.665120E-04
       9.739604       0.673471   0.716714E-06  -0.207914E+00  -0.213483E-01   0.504487E-04
       2.364147      -0.593789   0.419818E-05   0.205538E-01   0.869379E-02   0.152909E-03
       1.663019      -0.714258   0.632894E-06   0.625932E-01   0.376381E-01   0.206214E-04
      17.890467       2.073963   0.677528E-07  -0.255225E+01  -0.142661E+00   0.194099E-04
       0.001557      -0.999732   0.225711E-04   0.199530E-06   0.129300E-03   0.202853E-02
       2.812204      -0.516804   0.104401E-05   0.893242E-01   0.317628E-01   0.506798E-04
       0.219676      -0.962255   0.370678E-05   0.222200E-02   0.101149E-01   0.216700E-03
       6.081787       0.044980  -0.346253E-06   0.427805E+00   0.703420E-01  -0.115000E-05
       2.102440      -0.638756   0.200606E-05   0.281394E-01   0.133840E-01   0.679779E-04
       0.107749      -0.981486  -0.152126E-05   0.522435E-03   0.484859E-02  -0.845193E-04
      21.311786       2.661819   0.866258E-06  -0.386498E+01  -0.181355E+00   0.186818E-04
       0.213187      -0.963370  -0.445440E-05   0.170458E-02   0.799570E-02  -0.258059E-03
       1.100659      -0.810883  -0.212578E-05   0.294161E-01   0.267258E-01  -0.730815E-04
       3.737432      -0.357830   0.358999E-05  -0.110870E-01  -0.296697E-02   0.197705E-03
       0.998610      -0.828418  -0.505521E-05   0.179161E-01   0.179409E-01  -0.262355E-03
       0.160682      -0.972391   0.192730E-05   0.101790E-02   0.633483E-02   0.576123E-04
      24.083775       3.138106  -0.329128E-06  -0.360180E+00  -0.149555E-01  -0.100141E-05
       5.207978      -0.105158  -0.104800E-05   0.351106E-01   0.674135E-02  -0.259269E-04
       6.603515       0.134625   0.900467E-06  -0.185823E+00  -0.281407E-01   0.353490E-04
      12.573739       1.160436   0.879594E-07   0.723681E+00   0.575545E-01   0.356925E-06
       4.053485      -0.303525   0.181727E-05   0.115995E+00   0.286159E-01   0.380751E-04
       8.657385       0.487523   0.147253E-05  -0.282769E+00  -0.326628E-01   0.534261E-04
       0.026373      -0.995469   0.240646E-06   0.369599E-04   0.140141E-02   0.155857E-04
      18.772063       2.225440   0.824243E-06  -0.360398E+01  -0.191989E+00   0.485378E-04
      19.429810       2.338455   0.164034E-06  -0.673546E-01  -0.346719E-02   0.808646E-06
       4.706823      -0.191268   0.148730E-06   0.183193E+00   0.389207E-01   0.144089E-05
       0.492648      -0.915353   0.529772E-05   0.770158E-02   0.156330E-01   0.333139E-03
      15.703220       1.698148   0.177335E-06  -0.225216E+00  -0.143433E-01   0.164551E-04
       6.616718       0.136893  -0.557061E-06   0.431163E+00   0.651624E-01  -0.120718E-04
      14.511767       1.493431   0.230822E-05  -0.505158E+00  -0.348119E-01   0.110294E-03
       1.506580      -0.741138  -0.205479E-05   0.615532E-01   0.408561E-01  -0.711481E-04
      17.959395       2.085807  -0.204063E-07  -0.386180E+01  -0.215030E+00  -0.587594E-06
      19.281751       2.313016  -0.352517E-07  -0.171728E+01  -0.890625E-01  -0.158898E-06
      16.842146       1.893839   0.640840E-06   0.300611E+01   0.178487E+00   0.347245E-05
       0.996460      -0.828787   0.345656E-05   0.165550E-01   0.166137E-01   0.148872E-03
       1.633419      -0.719344   0.305210E-05   0.461515E-01   0.282544E-01   0.158721E-03
      13.452495       1.311425  -0.481021E-06  -0.109587E+01  -0.814634E-01  -0.375782E-05
       2.054843      -0.646934  -0.254155E-06   0.329451E-01   0.160326E-01  -0.228659E-04
       0.090685      -0.984418  -0.352925E-05   0.324800E-03   0.358161E-02  -0.245950E-03
       3.749966      -0.355676   0.138653E-05   0.180835E+00   0.482226E-01   0.828980E-04
       3.413610      -0.413469   0.718309E-07  -0.562641E-01  -0.164827E-01   0.391976E-05
       0.213250      -0.963359  -0.560703E-06   0.159143E-02   0.746274E-02  -0.260197E-05
      12.877747       1.212671  -0.247823E-07   0.131498E+01   0.102112E+00  -0.185792E-05
       1.015020      -0.825598   0.435712E-06   0.130763E-01   0.128827E-01   0.445634E-05
      16.125941       1.770780   0.312531E-06   0.226708E+01   0.140586E+00   0.966001E-06
       0.255525      -0.956095  -0.104391E-05   0.217981E-02   0.853071E-02  -0.701743E-04
       3.443171      -0.408390  -0.233164E-05   0.127286E+00   0.369674E-01  -0.104204E-03
       0.550193      -0.905465   0.181333E-05   0.690115E-02   0.125431E-01   0.136863E-03
       0.195255      -0.966451   0.259160E-05   0.207476E-02   0.106259E-01   0.146003E-03
      15.055848       1.586915   0.524752E-06   0.701215E+00   0.465729E-01   0.176862E-04
       0.859191      -0.852373  -0.256413E-05   0.188472E-01   0.219359E-01  -0.913295E-04
       9.648438       0.657807   0.849996E-06   0.992197E+00   0.102834E+00   0.284138E-04
       0.665950      -0.885576  -0.235065E-05   0.142741E-01   0.214342E-01  -0.833132E-04
       0.076499      -0.986856   0.303254E-05   0.292749E-03   0.382684E-02   0.110866E-03
      10.596946       0.820781   0.941724E-06   0.189132E+00   0.178466E-01   0.400128E-04
      16.077887       1.762523   0.168645E-05  -0.783502E+00  -0.487335E-01   0.798922E-04
       2.121599      -0.635464   0.800690E-06   0.725435E-01   0.341925E-01   0.453222E-04
       0.711578      -0.877736   0.320010E-05   0.902055E-02   0.126768E-01   0.232922E-03
       2.892081      -0.503079   0.236155E-05   0.256295E-01   0.886171E-02   0.774376E-04
       2.510304      -0.568676   0.169850E-05   0.589821E-01   0.234957E-01   0.100566E-03
       2.458847      -0.577518   0.158275E-05   0.268366E-01   0.109139E-01   0.118683E-03
      34.330168       4.898654  -0.310926E-06  -0.119338E+02  -0.347619E+00  -0.454763E-06
       6.289749       0.080713  -0.192047E-05   0.144269E+00   0.229364E-01  -0.867595E-04
       0.477714      -0.917918   0.214082E-05   0.103120E-01   0.215861E-01   0.137699E-03
       0.372741      -0.935955   0.196046E-05   0.470500E-02   0.126227E-01   0.688065E-04
       7.565182       0.299859   0.182204E-06   0.474652E+00   0.627408E-01   0.501605E-05
      10.577376       0.817419  -0.312986E-06   0.273094E-01   0.258119E-02  -0.101288E-04
       0.432080      -0.925759  -0.260493E-05   0.780361E-02   0.180605E-01  -0.154021E-03
       0.050627      -0.991301   0.713355E-05   0.111460E-03   0.220173E-02   0.439649E-03
      10.445470       0.794754   0.102654E-05   0.363459E+00   0.347955E-01   0.120212E-04
      20.258380       2.480821  -0.850896E-06   0.135079E+01   0.666766E-01  -0.216887E-04
       0.171210      -0.970583   0.617501E-05   0.692320E-03   0.404383E-02   0.436208E-03
      17.635858       2.030216   0.550691E-07  -0.631583E+00  -0.358133E-01   0.215713E-06
      19.378871       2.329703  -0.774338E-06  -0.121164E+01  -0.625251E-01  -0.227444E-04
       0.333186      -0.942752  -0.303202E-06   0.225137E-02   0.675704E-02  -0.703010E-05
       0.000271      -0.999953   0.274557E-04   0.651093E-08   0.256097E-04   0.267791E-02
       8.056388       0.384259   0.802566E-06   0.526549E+00   0.653571E-01   0.347654E-04
      20.593583       2.538416  -0.285975E-06   0.179783E+01   0.872990E-01  -0.837849E-05
       7.124997       0.224226   0.258944E-05   0.214989E+00   0.301734E-01   0.790464E-04
      22.031924       2.785554  -0.169604E-06  -0.219518E+01  -0.996385E-01  -0.704534E-05
       6.580913       0.130741  -0.142803E-05   0.384486E+00   0.584239E-01  -0.371406E-04
       9.463205       0.625980  -0.116412E-05  -0.566297E+00  -0.598426E-01  -0.271264E-04
       0.571438      -0.901815  -0.465101E-05   0.147846E-01   0.258726E-01  -0.208364E-03
       0.202969      -0.965126   0.402228E-05   0.121738E-02   0.599791E-02   0.232105E-03
       0.778996      -0.866152   0.989018E-06   0.116333E-01   0.149337E-01   0.347988E-04
       0.042660      -0.992670   0.132367E-04   0.922049E-04   0.216174E-02   0.106889E-02
       0.281800      -0.951581  -0.235137E-05   0.151564E-02   0.537839E-02  -0.149899E-03
      15.938879       1.738639  -0.124900E-05  -0.621886E+00  -0.390182E-01  -0.470016E-04
       4.524999      -0.222509  -0.111185E-05   0.176225E+00   0.389444E-01  -0.367005E-04
       5.368114      -0.077644   0.802632E-06   0.200428E+00   0.373367E-01   0.508772E-05
      34.780982       4.976114   0.619833E-06  -0.607999E+01  -0.174810E+00   0.115759E-04
      18.898459       2.247158  -0.510323E-06  -0.784940E+00  -0.415347E-01  -0.982037E-06
      20.385006       2.502578  -0.125550E-05   0.212690E+01   0.104334E+00  -0.450190E-04
      28.969657       3.977604  -0.201147E-06  -0.550754E+01  -0.190115E+00  -0.112999E-05
      19.542711       2.357854  -0.980205E-07  -0.453588E+00  -0.232111E-01  -0.621321E-05
      30.148071       4.180081  -0.981719E-07  -0.337552E+01  -0.111965E+00  -0.401172E-06
       9.561233       0.642823   0.558620E-06  -0.163646E-01  -0.171248E-02   0.195045E-04
       0.716005      -0.876975   0.176541E-05   0.930861E-02   0.130007E-01   0.906333E-04
      15.064337       1.588374   0.117043E-06  -0.194769E+01  -0.129293E+00   0.236627E-04
      43.615918       6.494144  -0.790236E-06  -0.200903E+02  -0.460623E+00  -0.268518E-04
       3.893438      -0.331024  -0.101265E-05  -0.112002E+00  -0.287672E-01  -0.498505E-04
       0.146514      -0.974826   0.115713E-04   0.602992E-03   0.411588E-02   0.921812E-03
       0.012479      -0.997856  -0.716603E-06   0.104816E-04   0.840076E-03   0.127145E-04
       9.200907       0.580912   0.746118E-06   0.223143E+00   0.242510E-01   0.455391E-04
       0.328094      -0.943626  -0.179980E-05   0.389513E-02   0.118720E-01  -0.989125E-04
       7.162375       0.230649  -0.695441E-06   0.172041E+00   0.240194E-01  -0.288442E-04
      23.970855       3.118703   0.348144E-06   0.248560E+01   0.103693E+00   0.118646E-05
       0.841828      -0.855356  -0.157913E-05   0.212045E-01   0.251885E-01  -0.575921E-04
      19.228298       2.303831   0.881091E-06  -0.255019E+01  -0.132629E+00   0.437556E-04
      12.939698       1.223316   0.145589E-05   0.859835E+00   0.664485E-01   0.362509E-04
      29.286861       4.032107  -0.373611E-06  -0.681990E+01  -0.232867E+00  -0.672680E-05
      14.185321       1.437340   0.403282E-06   0.123989E+01   0.874063E-01   0.456398E-05
       7.906070       0.358431  -0.176918E-06   0.120759E+00   0.152741E-01  -0.198614E-05
      13.643290       1.344208   0.629774E-06  -0.145064E+00  -0.106343E-01   0.349492E-04
       0.422151      -0.927465   0.411448E-05   0.829065E-02   0.196390E-01   0.238395E-03
       0.012956      -0.997774   0.299321E-06   0.133436E-04   0.102993E-02   0.445690E-04
       2.203505      -0.621391   0.188910E-05   0.599516E-01   0.272072E-01   0.827260E-04
       3.571454      -0.386348   0.279609E-05  -0.285931E-01  -0.800635E-02   0.119155E-03
       5.214292      -0.104074   0.125865E-05   0.288698E+00   0.553660E-01   0.756133E-04
       6.592125       0.132667  -0.509310E-06   0.197342E+00   0.299356E-01  -0.155569E-04
       0.185862      -0.968065  -0.544487E-05   0.143543E-02   0.772312E-02  -0.324018E-03
       5.820623       0.000107   0.335909E-06  -0.131340E+00  -0.225649E-01   0.149418E-04
      13.460745       1.312843  -0.360273E-06   0.150840E+01   0.112059E+00  -0.775892E-05
       8.307001       0.427320  -0.590907E-06  -0.930883E-01  -0.112065E-01  -0.155909E-04
       5.059038      -0.130750  -0.138797E-05  -0.170723E+00  -0.337467E-01  -0.561164E-04
       6.060461       0.041316  -0.729880E-06   0.440474E+00   0.726794E-01  -0.268679E-04
       4.506582      -0.225673   0.393498E-05   0.323049E-01   0.716786E-02   0.194002E-03
       9.811489       0.685823   0.175220E-05   0.416255E+00   0.424247E-01   0.487825E-04
       3.923360      -0.325883  -0.782505E-06   0.135874E+00   0.346316E-01  -0.525867E-04
      21.334924       2.665794   0.617350E-06  -0.827738E+00  -0.387983E-01   0.107754E-04
       4.426468      -0.239439   0.375336E-05  -0.735659E-01  -0.166197E-01   0.573566E-04
       3.761176      -0.353750  -0.355024E-06  -0.138497E-01  -0.368254E-02  -0.964804E-05
      11.263063       0.935234   0.272233E-05  -0.341399E+00  -0.303127E-01   0.133168E-03
      21.560708       2.704589   0.367285E-06   0.124349E+01   0.576728E-01   0.480830E-05
       0.160341      -0.972450   0.440174E-06   0.118781E-02   0.740803E-02   0.358391E-04
       2.641345      -0.546161  -0.100000E-05   0.375506E-01   0.142163E-01  -0.320110E-04
      15.772459       1.710044  -0.458674E-06  -0.182605E+01  -0.115776E+00  -0.510659E-05
      29.413465       4.053860  -0.687137E-06  -0.261768E+01  -0.889980E-01  -0.200862E-04
       5.589942      -0.039529  -0.158294E-05   0.872357E-01   0.156051E-01  -0.772577E-04
      14.695420       1.524986  -0.139885E-05   0.333231E+00   0.226752E-01  -0.279425E-04
       3.531407      -0.393229   0.298459E-07   0.138555E+00   0.392348E-01  -0.491795E-06
       6.107064       0.049324   0.396577E-06   0.671859E-01   0.110006E-01   0.167792E-04
       0.050928      -0.991250   0.589084E-05   0.109041E-03   0.214117E-02   0.405510E-03
       4.914342      -0.155611  -0.580187E-06   0.104641E+00   0.212928E-01  -0.915550E-05
       0.734689      -0.873765  -0.398208E-05   0.168385E-01   0.229192E-01  -0.177415E-03
       8.958860       0.539323   0.103513E-06   0.664703E+00   0.741946E-01   0.350785E-05
       2.909930      -0.500012  -0.259235E-05   0.145459E+00   0.499869E-01  -0.806788E-04
      12.143542       1.086519  -0.184592E-06   0.776902E+00   0.639759E-01  -0.184533E-05
       1.003576      -0.827564   0.271608E-05   0.211636E-01   0.210881E-01   0.160864E-03
       0.901695      -0.845070   0.156321E-05   0.391236E-02   0.433885E-02   0.982711E-04
       0.017115      -0.997059  -0.861937E-05   0.216622E-04   0.126581E-02  -0.587184E-03
      21.551763       2.703052   0.125716E-05   0.206045E+00   0.955962E-02   0.193292E-04
       0.369334      -0.936541   0.792210E-08   0.291223E-02   0.788506E-02  -0.215832E-05
       0.001049      -0.999820   0.281788E-04   0.852184E-07   0.827155E-04   0.264793E-02
      25.958732       3.460263   0.118052E-05  -0.231921E+00  -0.893571E-02   0.246640E-04
       1.438387      -0.752854   0.318822E-05   0.178915E-01   0.124384E-01   0.123811E-03
      13.586250       1.334407  -0.466971E-07  -0.307090E+00  -0.226040E-01  -0.912208E-06
       0.094711      -0.983727   0.297229E-05   0.430982E-03   0.455061E-02   0.172765E-03
      39.269826       5.747393   0.579283E-06  -0.139088E+02  -0.354188E+00   0.787926E-05
      18.033930       2.098613   0.185995E-06  -0.183265E+01  -0.101623E+00   0.344846E-06
       0.037966      -0.993477   0.100540E-04   0.625642E-04   0.164843E-02   0.759448E-03
      14.271061       1.452072  -0.410217E-06   0.151903E+01   0.106441E+00  -0.780825E-05
       0.509874      -0.912393   0.135772E-05   0.830245E-02   0.162833E-01   0.461775E-04
      20.676476       2.552659   0.246094E-06  -0.763288E-01  -0.369223E-02   0.249748E-05
       8.630139       0.482842  -0.155413E-05  -0.577736E-01  -0.669504E-02  -0.677515E-04
       3.516083      -0.395862  -0.212948E-05   0.182066E+00   0.517804E-01  -0.101412E-03
       0.722940      -0.875784  -0.113381E-05   0.211236E-01   0.292190E-01  -0.301482E-04
       0.617024      -0.893982   0.545106E-05   0.124337E-01   0.201510E-01   0.263642E-03
      29.151629       4.008871  -0.695875E-06  -0.109645E+01  -0.376146E-01  -0.235382E-04
       0.136289      -0.976583  -0.731222E-05   0.952279E-03   0.698735E-02  -0.517870E-03
      19.698815       2.384676   0.497154E-06  -0.116215E+01  -0.589974E-01   0.113788E-04
       9.479637       0.628804   0.108755E-05   0.191762E+00   0.202277E-01   0.560546E-04
       1.170272      -0.798922  -0.532479E-07   0.653537E-02   0.558435E-02  -0.541039E-05
       0.192692      -0.966891  -0.300542E-05   0.183657E-02   0.953109E-02  -0.155741E-03
       7.662939       0.316656  -0.146503E-05   0.135041E-01   0.176215E-02  -0.867498E-05
      10.473445       0.799561   0.178892E-05   0.469393E+00   0.448168E-01   0.540066E-04
       6.484329       0.114146  -0.110103E-05  -0.819589E-01  -0.126399E-01  -0.251053E-04
      10.586541       0.818993  -0.107039E-05  -0.153088E-01  -0.144679E-02  -0.339864E-04
       5.540264      -0.048065   0.175572E-05  -0.248563E+00  -0.448652E-01   0.445164E-04
       9.315428       0.600589  -0.268578E-07   0.263757E+00   0.283137E-01  -0.200180E-05
       2.656237      -0.543602  -0.185814E-06   0.129754E+00   0.488486E-01  -0.134246E-04
      14.238810       1.446531   0.873072E-06   0.157425E+01   0.110560E+00   0.130573E-04
       8.797701       0.511632  -0.111926E-06  -0.829014E-01  -0.942380E-02  -0.139455E-04
       3.592183      -0.382786   0.339464E-05  -0.307772E-01  -0.856817E-02   0.136374E-03
       8.839836       0.518872   0.108616E-05   0.299421E+00   0.338715E-01   0.115127E-04
      14.359770       1.467314  -0.122800E-06   0.805169E+00   0.560700E-01  -0.404681E-05
       0.051506      -0.991150  -0.218673E-05   0.156418E-03   0.303692E-02  -0.133780E-03
       0.510619      -0.912265   0.348915E-05   0.115643E-01   0.226476E-01   0.212860E-03
       3.105098      -0.466478   0.200437E-05   0.716537E-02   0.230750E-02   0.389185E-04
       1.340487      -0.769676  -0.108480E-05   0.477919E-01   0.356524E-01  -0.302920E-04
       6.612870       0.136232   0.684509E-06   0.516700E+00   0.781351E-01   0.176712E-04
       0.017044      -0.997071   0.993990E-05   0.179491E-04   0.105347E-02   0.768595E-03
      34.212942       4.878512   0.769722E-06  -0.135107E+02  -0.394900E+00   0.864859E-05
       1.546660      -0.734251  -0.758158E-05   0.223575E-01   0.144552E-01  -0.414190E-03
       7.220334       0.240607  -0.114671E-07  -0.514435E-01  -0.712594E-02   0.816405E-05
       3.800226      -0.347040   0.187891E-05  -0.107258E-01  -0.282290E-02   0.919609E-04
      13.612324       1.338887  -0.180996E-05   0.442990E+00   0.325427E-01  -0.377017E-04
      25.849874       3.441559   0.166417E-05  -0.370692E+01  -0.143404E+00   0.661031E-04
       2.058278      -0.646344   0.464409E-05   0.528791E-01   0.256907E-01   0.228859E-03
       7.036714       0.209057   0.416432E-06   0.526766E+00   0.748594E-01   0.608265E-05
       0.993250      -0.829338   0.259864E-05   0.219344E-01   0.220833E-01   0.152685E-03
       7.512369       0.290785   0.899930E-06   0.436304E+00   0.580772E-01   0.411091E-04
      18.276917       2.140364  -0.104353E-05   0.696436E+00   0.381027E-01  -0.370584E-04
      10.758859       0.848601  -0.644210E-06  -0.244540E-01  -0.227339E-02  -0.167888E-04
       2.716781      -0.533199  -0.222037E-05   0.194983E+00   0.717696E-01  -0.859055E-04
       0.193044      -0.966831   0.124346E-05   0.194936E-02   0.100980E-01   0.121246E-03
       0.067668      -0.988373   0.363099E-05   0.219978E-03   0.325090E-02   0.181313E-03
       1.155213      -0.801510   0.726351E-05   0.784325E-03   0.678915E-03   0.404078E-03
       3.020674      -0.480984   0.258124E-05   0.910207E-01   0.301323E-01   0.104461E-03
      16.370622       1.812821   0.864636E-09   0.232705E-01   0.142125E-02  -0.514776E-06
       0.622096      -0.893111  -0.102778E-05   0.135569E-01   0.217922E-01  -0.654834E-04
       0.559524      -0.903862  -0.450332E-05   0.489218E-02   0.874345E-02  -0.239777E-03
       4.734892      -0.186445   0.297211E-05  -0.821672E-01  -0.173542E-01   0.156206E-03
      14.008885       1.407025  -0.142677E-05   0.518425E+00   0.370061E-01  -0.369704E-04
       9.936543       0.707310  -0.200368E-05   0.594441E+00   0.598232E-01  -0.441231E-04
      15.778717       1.711120  -0.285455E-06   0.894807E+00   0.567096E-01  -0.106001E-05
       7.958829       0.367496  -0.124368E-06  -0.272265E+00  -0.342097E-01   0.416640E-05
       2.403034      -0.587108   0.164047E-05   0.758758E-01   0.315748E-01   0.565802E-04
      18.826792       2.234844   0.652846E-08  -0.225247E+01  -0.119644E+00  -0.228668E-05
      12.897185       1.216011  -0.158110E-05   0.175909E+01   0.136393E+00  -0.354984E-04
      13.248906       1.276444  -0.893718E-07   0.926532E+00   0.699316E-01  -0.355781E-05
       5.941870       0.020940   0.756216E-06  -0.133245E+00  -0.224251E-01   0.185831E-04
       0.067386      -0.988422   0.131829E-05   0.197394E-03   0.292939E-02   0.411971E-04
       1.077352      -0.814888   0.335617E-05   0.110539E-01   0.102601E-01   0.147342E-03
       2.759743      -0.525817   0.435178E-05  -0.671393E-02  -0.243315E-02   0.240892E-03
       8.894792       0.528315  -0.294902E-06  -0.450582E-01  -0.506599E-02  -0.486014E-05
       1.568285      -0.730535  -0.516345E-06   0.155620E-01   0.992285E-02  -0.539610E-05
       2.485197      -0.572990  -0.233651E-05   0.819077E-01   0.329580E-01  -0.112941E-03
       0.873578      -0.849901  -0.319053E-05   0.170847E-01   0.195571E-01  -0.167190E-03
       1.064419      -0.817110   0.177194E-07   0.101955E-01   0.957836E-02  -0.109070E-04
       1.637095      -0.718712  -0.127471E-05   0.342217E-01   0.209037E-01  -0.762052E-04
       3.274100      -0.437440   0.302628E-05   0.142278E+00   0.434554E-01   0.129643E-03
       8.610248       0.479424  -0.598079E-06   0.529316E+00   0.614746E-01  -0.160333E-04
       1.869767      -0.678734   0.287513E-05   0.616110E-01   0.329509E-01   0.169415E-03
       3.152535      -0.458327   0.235468E-05   0.722390E-01   0.229141E-01   0.135023E-03
      25.616172       3.401404   0.181475E-07   0.149433E+01   0.583331E-01   0.726199E-05
       7.500861       0.288808  -0.114101E-05   0.470089E+00   0.626708E-01  -0.327082E-04
       0.808516      -0.861080   0.125809E-05   0.216752E-01   0.268085E-01   0.652895E-04
       2.733382      -0.530347   0.277568E-05   0.196018E-01   0.717097E-02   0.118739E-03
      16.716083       1.872179   0.160085E-06  -0.181323E+01  -0.108473E+00   0.180444E-05
       9.053125       0.555520  -0.224456E-05   0.189704E-01   0.209485E-02  -0.651099E-04
      36.242489       5.227232  -0.916289E-06  -0.100358E+02  -0.276912E+00  -0.291900E-04
       1.912200      -0.671443  -0.255389E-05   0.109014E-01   0.570076E-02  -0.132479E-03
       0.951999      -0.836426  -0.661602E-08   0.271977E-01   0.285689E-01   0.233432E-05
      17.219434       1.958666   0.924640E-06   0.239386E+01   0.139020E+00   0.214883E-04
      44.480277       6.642659   0.151716E-06  -0.188746E+02  -0.424338E+00   0.173323E-05
      19.788213       2.400036  -0.557149E-06  -0.922672E+00  -0.466283E-01  -0.100678E-04
      16.809494       1.888229   0.200381E-05  -0.915536E+00  -0.544663E-01   0.398080E-04
       5.979167       0.027348   0.275949E-05   0.642631E-01   0.107472E-01   0.119850E-03
      12.725937       1.186587  -0.722704E-06  -0.911269E+00  -0.716085E-01  -0.186131E-04
       9.509455       0.633927   0.535978E-06  -0.112661E+00  -0.118480E-01   0.191250E-04
      13.488997       1.317697   0.117732E-05   0.174256E+01   0.129183E+00   0.280159E-04
       0.125154      -0.978496  -0.366774E-06   0.513119E-03   0.409999E-02  -0.448441E-04
      17.566567       2.018310   0.856974E-06  -0.114436E+01  -0.651449E-01   0.172767E-04
       0.061635      -0.989410  -0.393166E-05   0.224771E-03   0.364682E-02  -0.276204E-03
       9.387174       0.612916  -0.117796E-05  -0.128419E+00  -0.136809E-01  -0.335719E-04
      20.622227       2.543338   0.516491E-07  -0.743111E+00  -0.360355E-01  -0.443383E-09
       1.231443      -0.788412   0.153496E-05   0.437626E-01   0.355375E-01   0.987398E-04
       7.003303       0.203317   0.366501E-06   0.162928E+00   0.232640E-01   0.184932E-04
      11.653944       1.002396  -0.144486E-06   0.648602E+00   0.556550E-01  -0.125785E-05
      22.309572       2.833260  -0.141788E-05  -0.330138E+01  -0.147982E+00  -0.452468E-04
       2.245181      -0.614230   0.447679E-05   0.630842E-02   0.280953E-02   0.232104E-03
      59.633489       9.246304   0.278259E-07  -0.525534E+02  -0.881274E+00   0.113949E-06
      25.653265       3.407777   0.244442E-06  -0.574083E+01  -0.223789E+00   0.104773E-04
      22.398141       2.848478   0.546845E-06  -0.184886E+01  -0.825474E-01   0.200843E-04
       6.980511       0.199400  -0.687100E-06  -0.422885E-01  -0.605896E-02  -0.379379E-04
       0.323908      -0.944346   0.519096E-05   0.465470E-02   0.143704E-01   0.282863E-03
       2.705362      -0.535161  -0.127348E-05   0.171703E+00   0.634673E-01  -0.461338E-04
       0.134486      -0.976892   0.556117E-05   0.819517E-03   0.609369E-02   0.307356E-03
      12.426487       1.135135  -0.136945E-05   0.216277E+00   0.174038E-01  -0.388193E-04
      13.414798       1.304948   0.181409E-06  -0.337321E+00  -0.251469E-01   0.726006E-05
       1.080452      -0.814355   0.525905E-06   0.161483E-01   0.149458E-01   0.520013E-04
      26.425599       3.540481  -0.666506E-06   0.215523E+00   0.815440E-02  -0.152211E-04
      21.926022       2.767358  -0.488715E-06   0.156979E+00   0.715793E-02  -0.141057E-04
       5.252985      -0.097425  -0.769944E-06   0.167371E+00   0.318618E-01  -0.151412E-04
       0.387252      -0.933462   0.385444E-05   0.400385E-02   0.103391E-01   0.235111E-03
       0.021232      -0.996352  -0.254399E-06   0.330940E-04   0.155869E-02  -0.151294E-04
       0.551311      -0.905273  -0.451303E-05   0.971056E-02   0.176135E-01  -0.172625E-03
       0.393443      -0.932398   0.447288E-05   0.373095E-02   0.948281E-02   0.342812E-03
      16.559688       1.845307   0.392514E-06  -0.100191E+01  -0.605051E-01   0.223064E-04
       8.506769       0.461644  -0.677564E-06   0.288260E+00   0.338854E-01  -0.189426E-04
      26.209102       3.503282   0.346291E-07  -0.317261E+01  -0.121050E+00   0.259645E-06
       0.730502      -0.874484  -0.894644E-06   0.139044E-01   0.190340E-01  -0.257197E-04
      16.709510       1.871050  -0.970128E-06   0.869706E-01   0.520329E-02  -0.355338E-04
       6.982853       0.199803  -0.224468E-06   0.703200E+00   0.100703E+00  -0.625614E-05
      18.515273       2.181318  -0.128891E-05  -0.153681E+01  -0.830038E-01  -0.454769E-04
       0.389956      -0.932997   0.322665E-05   0.303272E-02   0.777709E-02   0.188178E-03
      22.190387       2.812781  -0.283314E-06  -0.475207E+01  -0.214152E+00   0.476204E-05
      21.122419       2.629282   0.379580E-06  -0.166769E+01  -0.789553E-01   0.847066E-05
       6.894468       0.184616   0.483864E-06   0.718709E-01   0.104240E-01   0.151244E-04
      10.912456       0.874992   0.644303E-06  -0.216888E+00  -0.198766E-01   0.348667E-04
       4.157954      -0.285575  -0.140079E-06  -0.248917E-01  -0.598688E-02  -0.123326E-04
      18.723461       2.217089  -0.480761E-06  -0.331832E+01  -0.177229E+00  -0.138128E-04
      11.452201       0.967732  -0.136354E-05  -0.493233E+00  -0.430703E-01  -0.613118E-04
       1.233108      -0.788126   0.804981E-06   0.461042E-01   0.373884E-01   0.599296E-04
       3.958669      -0.319816   0.887343E-06   0.179552E+00   0.453561E-01   0.619160E-04
      29.847730       4.128476  -0.140955E-05  -0.342975E+01  -0.114911E+00  -0.489595E-04
       5.927035       0.018391   0.412058E-06   0.308270E+00   0.520106E-01   0.430791E-05
       3.055141      -0.475062  -0.156784E-05   0.185960E+00   0.608675E-01  -0.510213E-04
       7.501170       0.288861  -0.836416E-06  -0.935290E-01  -0.124689E-01  -0.170476E-04
       2.709100      -0.534519  -0.420248E-07   0.885751E-01   0.326949E-01  -0.545892E-07
      10.017987       0.721304   0.156378E-05   0.390730E+00   0.390022E-01   0.358808E-04
       5.537211      -0.048589   0.178085E-06   0.230047E+00   0.415455E-01   0.170652E-05
       7.474366       0.284255  -0.593190E-06   0.384701E+00   0.514691E-01  -0.131225E-04
       0.517708      -0.911047   0.408518E-05   0.678315E-02   0.131023E-01   0.156159E-03
       0.199198      -0.965774  -0.189864E-05   0.159382E-02   0.800120E-02  -0.792451E-04
      15.392527       1.644764  -0.190230E-06  -0.261377E+01  -0.169808E+00  -0.477881E-05
       6.966249       0.196950  -0.392769E-05  -0.419794E-01  -0.602692E-02  -0.188343E-03
       5.397732      -0.072555  -0.236379E-05   0.109780E+00   0.203377E-01  -0.859733E-04
       4.024641      -0.308481   0.139153E-05  -0.491940E-01  -0.122233E-01   0.200350E-04
      15.013317       1.579608   0.122795E-05  -0.339160E+00  -0.225923E-01   0.533328E-04
       3.154074      -0.458063   0.282418E-05   0.557377E-01   0.176714E-01   0.109130E-03
      29.972443       4.149904  -0.952168E-07  -0.414364E+01  -0.138249E+00  -0.217628E-05
       3.165272      -0.456139   0.201376E-05   0.131684E+00   0.416027E-01   0.356503E-04
       8.656478       0.487367   0.666061E-06   0.542820E+00   0.627066E-01   0.811621E-05
       5.201284      -0.106309  -0.911415E-06   0.160854E+00   0.309252E-01  -0.547949E-04
       3.913427      -0.327590   0.817886E-06   0.688064E-01   0.175819E-01   0.190389E-04
       7.656149       0.315489  -0.118160E-05   0.363016E-01   0.474068E-02  -0.564184E-04
      16.315474       1.803346  -0.734254E-06   0.266401E+01   0.163280E+00  -0.190255E-04
      16.740794       1.876425   0.865849E-06   0.206562E+00   0.123385E-01   0.750104E-05
      19.324990       2.320445   0.238660E-06  -0.295741E+00  -0.153053E-01   0.982917E-05
       3.471412      -0.403537  -0.321156E-06   0.135408E-01   0.390038E-02  -0.101529E-04
       6.914821       0.188114  -0.102117E-05   0.637657E+00   0.922153E-01  -0.366598E-04
       1.362841      -0.765835   0.320407E-05   0.425860E-02   0.312468E-02   0.132324E-03
       0.182087      -0.968714  -0.665487E-06   0.137329E-02   0.754194E-02  -0.578254E-05
       2.182180      -0.625055   0.116873E-06   0.904264E-01   0.414383E-01   0.104341E-04
       0.127268      -0.978133   0.340020E-05   0.666394E-03   0.523612E-02   0.147656E-03
       9.372689       0.610428  -0.462917E-06   0.132778E+00   0.141662E-01  -0.606098E-05
      19.974075       2.431972  -0.322070E-06  -0.124912E+01  -0.625372E-01  -0.537244E-06
       5.732865      -0.014972  -0.146266E-05  -0.382593E-01  -0.667380E-02  -0.139511E-04
      26.080423       3.481172  -0.629699E-06  -0.265444E+01  -0.101781E+00  -0.233155E-04
      10.890616       0.871240   0.287777E-06   0.294615E-01   0.270473E-02   0.610061E-05
       0.936020      -0.839172   0.352840E-05   0.115818E-01   0.123734E-01   0.256685E-03
      10.469424       0.798870  -0.942095E-06  -0.312327E+00  -0.298327E-01  -0.165859E-04
       1.580603      -0.728419   0.250329E-05   0.502072E-01   0.317644E-01   0.140171E-03
       8.332991       0.431785  -0.102601E-05   0.359466E+00   0.431370E-01  -0.349150E-04
      19.844112       2.409641   0.114268E-05  -0.345691E+01  -0.174204E+00   0.289570E-04
      12.127580       1.083777   0.645933E-06   0.119603E+01   0.986203E-01   0.558877E-05
       5.841801       0.003746   0.502546E-06   0.171436E+00   0.293458E-01   0.209517E-04
       0.074364      -0.987223   0.541487E-05   0.259109E-03   0.348438E-02   0.234240E-03
       5.912704       0.015928  -0.223043E-06  -0.396885E-01  -0.671260E-02  -0.135664E-05
       5.390576      -0.073784  -0.601830E-06   0.816606E-01   0.151480E-01  -0.234502E-04
      12.142565       1.086351   0.993121E-06   0.305663E+00   0.251716E-01   0.388549E-04
       0.013952      -0.997603  -0.334418E-05   0.102994E-04   0.738528E-03  -0.229612E-03
       0.074416      -0.987214  -0.190455E-05   0.278318E-03   0.374000E-02  -0.949802E-04
      17.786202       2.056048  -0.595012E-06  -0.206957E+01  -0.116359E+00  -0.835136E-05
      10.539150       0.810850  -0.742123E-06   0.237872E+00   0.225693E-01  -0.190387E-04
       2.304251      -0.604081   0.312942E-05   0.104892E+00   0.455208E-01   0.180349E-03
       1.771957      -0.695540   0.243449E-05   0.543381E-01   0.306654E-01   0.164732E-03
       8.958695       0.539295  -0.149635E-05   0.799937E+00   0.892912E-01  -0.341558E-04
       2.679821      -0.539550  -0.858623E-06   0.331756E-01   0.123796E-01  -0.200707E-04
       0.602849      -0.896418   0.138423E-06   0.147322E-01   0.244376E-01   0.886040E-05
       0.109855      -0.981125  -0.172769E-05   0.436137E-03   0.397009E-02  -0.969198E-04
       2.885535      -0.504204   0.214745E-05   0.213271E-01   0.739093E-02   0.447512E-04
       1.142826      -0.803638   0.145306E-05   0.393616E-01   0.344422E-01   0.992567E-04
       1.871681      -0.678405  -0.359035E-05   0.299289E-01   0.159902E-01  -0.158000E-03
      16.619028       1.855503  -0.128499E-05   0.109386E+01   0.658179E-01  -0.456926E-04
       1.765273      -0.696689   0.186197E-05   0.543774E-01   0.308038E-01   0.584065E-04
      17.154448       1.947500   0.489900E-06  -0.179768E+01  -0.104796E+00   0.219610E-04
      24.574628       3.222445  -0.712978E-06  -0.257015E+01  -0.104586E+00  -0.118715E-04
       2.478956      -0.574063  -0.356911E-05   0.775494E-01   0.312829E-01  -0.122788E-03
      17.571473       2.019153  -0.342346E-06  -0.348390E+00  -0.198281E-01  -0.109723E-04
       2.854621      -0.509515  -0.326881E-06   0.462623E-01   0.162057E-01  -0.375472E-04
      33.606166       4.774255   0.413933E-06  -0.185736E+01  -0.552687E-01   0.153451E-05
       5.623878      -0.033698   0.810977E-06   0.219516E+00   0.390327E-01   0.777384E-05
       7.804001       0.340894   0.118547E-06   0.352941E+00   0.452251E-01   0.635717E-05
       8.742693       0.502181   0.579538E-06   0.576102E+00   0.658950E-01   0.704755E-05
       8.996480       0.545787   0.596647E-06   0.484333E+00   0.538355E-01   0.864662E-05
       5.309061      -0.087790  -0.113351E-05   0.201386E+00   0.379322E-01  -0.306091E-04
      23.072127       2.964283  -0.745384E-06  -0.886356E-01  -0.384320E-02  -0.225901E-04
       0.245883      -0.957752   0.484844E-05   0.300527E-02   0.122223E-01   0.253663E-03
      18.710708       2.214898  -0.279374E-06   0.187268E+00   0.100084E-01  -0.117206E-05
       8.433558       0.449065  -0.145734E-05   0.306178E+00   0.363042E-01  -0.435214E-04
       0.453967      -0.921999  -0.898145E-06   0.795337E-02   0.175197E-01  -0.728766E-04
       3.602277      -0.381052  -0.314948E-06   0.786899E-01   0.218443E-01  -0.996767E-05
       9.683907       0.663901  -0.458923E-06   0.123399E+00   0.127420E-01  -0.104314E-04
      14.162803       1.433471  -0.992353E-06  -0.141298E+01  -0.997676E-01  -0.169781E-04
       9.323099       0.601907   0.286070E-05  -0.425179E+00  -0.456060E-01   0.142246E-03
      19.406791       2.334500  -0.803360E-07   0.380694E+00   0.196158E-01  -0.334930E-05
      12.281748       1.110266   0.712150E-06   0.203644E+00   0.165800E-01   0.384727E-04
      15.884103       1.729227  -0.123246E-05  -0.784147E+00  -0.493677E-01  -0.302901E-04
      15.765468       1.708843  -0.114803E-05   0.112211E+00   0.711612E-02  -0.378332E-04
       1.129310      -0.805960   0.737632E-06   0.182230E-01   0.161363E-01   0.126878E-04
      28.848954       3.956865   0.477777E-06  -0.793020E+01  -0.274888E+00   0.435947E-05
       8.334067       0.431970   0.535605E-06  -0.471110E+00  -0.565295E-01   0.374640E-04
       7.103887       0.220599   0.114703E-05   0.405829E+00   0.571270E-01   0.440487E-04
      10.401727       0.787238   0.601675E-06   0.254334E+00   0.244508E-01   0.813344E-05
      15.827295       1.719466   0.238001E-06  -0.129398E+01  -0.817567E-01   0.455659E-05
      13.393099       1.301220   0.370842E-06  -0.258082E+00  -0.192714E-01   0.161476E-04
       3.419207      -0.412507   0.173534E-05   0.735116E-01   0.214992E-01   0.805449E-04
      20.371824       2.500313   0.782805E-08  -0.205114E+01  -0.100686E+00   0.133319E-06
      15.406017       1.647082  -0.169439E-06   0.285802E+00   0.185508E-01  -0.587879E-05
       4.142856      -0.288169  -0.172657E-05   0.147561E+00   0.356175E-01  -0.962616E-04
       8.845020       0.519763   0.834653E-06  -0.255771E+00  -0.289178E-01   0.385607E-04
       0.120773      -0.979249  -0.247203E-06   0.611972E-03   0.506718E-02   0.334525E-04
       6.809546       0.170025   0.516794E-06   0.166501E+00   0.244507E-01   0.110896E-04
       0.582348      -0.899940  -0.829851E-06   0.117848E-01   0.202366E-01  -0.540555E-04
       0.543220      -0.906663  -0.123001E-05   0.365091E-02   0.672082E-02  -0.376134E-04
      12.782024       1.196224   0.393997E-06   0.710772E+00   0.556064E-01   0.690530E-05
       0.337103      -0.942078   0.105962E-05   0.496576E-02   0.147306E-01   0.624541E-04
       0.520772      -0.910520   0.322040E-05   0.504677E-02   0.969089E-02   0.152130E-03
      21.832266       2.751248  -0.128740E-06  -0.876339E+00  -0.401407E-01  -0.379820E-05
       0.011452      -0.998032   0.122215E-05   0.859573E-05   0.750759E-03   0.151951E-03
       9.586994       0.647250   0.736741E-07   0.786496E+00   0.820376E-01   0.774956E-06
       0.769394      -0.867802   0.204355E-05   0.218449E-01   0.283923E-01   0.910838E-04
       1.471903      -0.747096  -0.558374E-06   0.285299E-01   0.193828E-01  -0.317620E-04
      10.987595       0.887903  -0.535630E-06  -0.400852E+00  -0.364834E-01  -0.568491E-05
       0.007905      -0.998642  -0.120499E-05   0.470356E-05   0.595162E-03  -0.735585E-04
       0.098749      -0.983033   0.828134E-05   0.331593E-03   0.335829E-02   0.589245E-03
      15.664639       1.691519  -0.324500E-06  -0.765416E+00  -0.488644E-01  -0.879563E-05
       3.217160      -0.447223   0.211921E-05   0.839072E-02   0.260799E-02   0.431158E-04
       6.428549       0.104562  -0.569053E-06   0.294752E+00   0.458502E-01  -0.131456E-04
      13.132375       1.256422  -0.294667E-06  -0.652335E+00  -0.496746E-01  -0.103825E-04
       3.765210      -0.353057  -0.207320E-05  -0.614715E-01  -0.163266E-01  -0.825704E-04
       0.011727      -0.997985   0.221601E-04   0.645729E-05   0.551603E-03   0.195661E-02
       2.619072      -0.549988  -0.435955E-06   0.404825E-01   0.154566E-01  -0.110291E-04
       6.588801       0.132096  -0.105672E-05  -0.562464E-01  -0.853723E-02  -0.334339E-04
       1.511949      -0.740215  -0.793391E-05   0.166635E-01   0.110210E-01  -0.456601E-03
      17.613954       2.026452   0.125738E-05  -0.247499E+01  -0.140514E+00   0.328078E-04
       0.363586      -0.937528   0.286485E-06   0.311491E-02   0.856717E-02  -0.107301E-04
      17.159736       1.948408  -0.218158E-06   0.474765E+00   0.276673E-01  -0.634600E-06
      13.712202       1.356048  -0.263305E-06  -0.661660E+00  -0.482548E-01  -0.838940E-05
       1.518911      -0.739019  -0.326115E-05   0.109023E-01   0.717757E-02  -0.156379E-03
       7.628977       0.310821  -0.274444E-05   0.180880E+00   0.237090E-01  -0.106013E-03
       0.704578      -0.878939   0.162012E-05   0.165328E-01   0.234647E-01   0.768827E-04
       1.628571      -0.720177  -0.448810E-05   0.131181E-01   0.805478E-02  -0.315980E-03
      13.093376       1.249721   0.793039E-06   0.893180E+00   0.682152E-01   0.217955E-04
       0.829314      -0.857506   0.193506E-05   0.249159E-01   0.300438E-01   0.122769E-03
      15.019715       1.580707  -0.881010E-06   0.455288E-01   0.303037E-02  -0.242246E-04
       5.170130      -0.111662  -0.243449E-06  -0.856866E-01  -0.165738E-01  -0.501614E-05
      15.566219       1.674608   0.396450E-06   0.111909E+01   0.718913E-01   0.610070E-05
       4.212160      -0.276261   0.980029E-06   0.785631E-01   0.186512E-01   0.246527E-04
      14.687638       1.523649  -0.295462E-06   0.178819E+01   0.121747E+00  -0.741114E-05
       2.964225      -0.490683  -0.317201E-05   0.156791E+00   0.528941E-01  -0.196410E-03
       5.275161      -0.093615  -0.484260E-07   0.271574E+00   0.514812E-01  -0.153217E-06
      14.635174       1.514635   0.395836E-06  -0.611919E+00  -0.418127E-01   0.260585E-04
       1.281445      -0.779820  -0.893922E-06   0.211533E-01   0.165072E-01  -0.738097E-04
       4.784951      -0.177844   0.324744E-05  -0.116660E+00  -0.243812E-01   0.156544E-03
       6.195947       0.064596   0.126391E-05   0.286363E-01   0.462160E-02   0.151370E-04
      17.067248       1.932517  -0.831220E-06  -0.424750E+00  -0.248878E-01  -0.234331E-04
      10.759555       0.848721   0.509618E-07   0.140790E+00   0.130849E-01  -0.715009E-06
       0.622959      -0.892962   0.217831E-05   0.106944E-01   0.171671E-01   0.124474E-03
       0.978330      -0.831902   0.148474E-05   0.268435E-01   0.274380E-01   0.114916E-03
       4.826444      -0.170714  -0.183975E-05  -0.418904E-01  -0.867970E-02  -0.518804E-04
       0.073161      -0.987429  -0.100467E-05   0.235531E-03   0.321933E-02  -0.468580E-04
       8.031063       0.379908  -0.141575E-07  -0.112878E+00  -0.140559E-01   0.280364E-05
      14.438814       1.480896  -0.211443E-05  -0.215307E+01  -0.149118E+00  -0.505918E-04
      15.888790       1.730033  -0.142097E-05  -0.142284E+01  -0.895509E-01  -0.529581E-04
       7.519779       0.292058   0.190192E-05   0.619599E-01   0.823877E-02   0.875865E-04
       2.563358      -0.559561  -0.295871E-05  -0.207056E-01  -0.807772E-02  -0.108789E-03
       2.411129      -0.585717  -0.213720E-05   0.152678E+00   0.633219E-01  -0.802175E-04
       7.360763       0.264736   0.124896E-05   0.453993E+00   0.616767E-01   0.484786E-04
       5.744886      -0.012906  -0.725918E-06  -0.786567E-01  -0.136924E-01  -0.430718E-04
       9.362805       0.608729  -0.104585E-05   0.176568E+00   0.188582E-01  -0.147440E-04
       6.673554       0.146659  -0.544958E-06   0.314724E+00   0.471595E-01  -0.118726E-04
       6.287842       0.080385   0.114443E-05  -0.941357E-01  -0.149713E-01   0.208476E-04
       7.690054       0.321315   0.111275E-06   0.239634E+00   0.311607E-01  -0.197606E-05
      20.063890       2.447404   0.472849E-06  -0.124341E+01  -0.619742E-01   0.140696E-04
      23.687424       3.070004   0.621764E-06   0.945880E+00   0.399310E-01   0.738687E-05
       1.699204      -0.708041   0.220769E-05   0.428220E-01   0.252010E-01   0.107335E-03
      11.016796       0.892920   0.140939E-05  -0.824354E+00  -0.748276E-01   0.365548E-04
       0.669153      -0.885025  -0.392471E-05   0.566554E-02   0.846669E-02  -0.199149E-03
      11.441727       0.965932   0.128052E-06  -0.120116E+00  -0.104994E-01   0.173438E-04
      24.225354       3.162432   0.125882E-05  -0.752627E+01  -0.310680E+00   0.699374E-04
       1.038780      -0.821515   0.162722E-05   0.351116E-01   0.338006E-01   0.871862E-04
      17.783723       2.055622   0.208046E-06   0.607169E+00   0.341411E-01   0.145083E-05
      15.460627       1.656465  -0.541421E-06   0.324796E+00   0.210076E-01  -0.397666E-05
       5.944854       0.021453   0.165033E-05   0.622677E-01   0.104739E-01   0.361783E-04
      11.252823       0.933475  -0.794752E-07  -0.460106E+00  -0.408895E-01  -0.449095E-05
      19.815266       2.404685  -0.305840E-06   0.239520E+00   0.120866E-01  -0.635416E-05
       1.133502      -0.805240   0.105065E-05   0.221826E-01   0.195698E-01   0.444021E-04
       7.207519       0.238405  -0.221131E-05   0.528306E+00   0.732985E-01  -0.881814E-04
      11.771010       1.022510  -0.150849E-06   0.564055E+00   0.479186E-01  -0.179082E-05
       0.349193      -0.940001   0.668272E-05   0.329097E-02   0.942454E-02   0.262774E-03
       0.168037      -0.971128   0.786052E-06   0.124509E-02   0.740963E-02   0.446542E-04
       2.292801      -0.606048  -0.922199E-05   0.418739E-01   0.182630E-01  -0.562166E-03
       2.149949      -0.630593  -0.458055E-06   0.643312E-01   0.299220E-01  -0.926200E-05
      16.230283       1.788708  -0.120141E-05  -0.314661E+00  -0.193882E-01  -0.315017E-04
      11.609323       0.994729   0.428352E-06   0.105936E+01   0.912505E-01   0.415018E-05
      24.572408       3.222063  -0.696271E-06   0.200890E+01   0.817525E-01  -0.224521E-04
       0.354159      -0.939148   0.148665E-05   0.581081E-02   0.164073E-01   0.662428E-04
       5.882369       0.010716  -0.475707E-06  -0.312189E-01  -0.530747E-02  -0.968789E-05
       4.308745      -0.259666   0.484409E-06   0.343289E-01   0.796681E-02   0.172290E-04
       7.065643       0.214028  -0.900624E-06   0.138979E+00   0.196690E-01  -0.538018E-04
       6.462607       0.110414   0.127606E-05   0.340822E+00   0.527369E-01   0.594202E-04
      11.754241       1.019629  -0.221637E-07   0.433377E+00   0.368695E-01  -0.340771E-06
       6.793413       0.167253   0.904646E-06  -0.278523E+00  -0.409997E-01   0.381517E-04
       8.477450       0.456606   0.947851E-06   0.338086E-01   0.398745E-02   0.407141E-04
       7.534438       0.294577  -0.135589E-05   0.510347E+00   0.677346E-01  -0.449346E-04
       0.030652      -0.994733   0.108158E-04   0.495015E-04   0.161539E-02   0.876431E-03
      14.882067       1.557056   0.225818E-05  -0.107657E+01  -0.723422E-01   0.111476E-03
       0.256761      -0.955883   0.421812E-05   0.193699E-02   0.754403E-02   0.273941E-03
       0.612235      -0.894805   0.136517E-05   0.149014E-01   0.243393E-01   0.703934E-04
      31.105882       4.344653   0.109646E-05  -0.145142E+02  -0.466609E+00   0.583986E-04
      16.687054       1.867191  -0.153431E-05  -0.395974E+01  -0.237295E+00  -0.361152E-04
      18.515141       2.181296   0.515161E-06  -0.208895E+01  -0.112825E+00   0.750168E-05
       0.509747      -0.912415  -0.692765E-06   0.872041E-02   0.171073E-01  -0.454966E-04
      11.291459       0.940113  -0.436043E-06  -0.103459E+00  -0.916269E-02  -0.979678E-06
