
        1         1.902395        -0.673128    -0.455341E-06    -0.146584E-03    -0.771505E-04    -0.827864E-05
        2         1.216556        -0.790970     0.127779E-05     0.498947E-02     0.410128E-02     0.140296E-04
        3         0.994440        -0.829134    -0.496751E-06     0.125168E-01     0.125867E-01    -0.237483E-04
        4         1.168486        -0.799229     0.449805E-06     0.574754E-02     0.491873E-02     0.812981E-05
        5        16.289410         1.798868    -0.110537E-06    -0.387540E+01    -0.237909E+00    -0.144935E-06
        6         0.638242        -0.890336     0.174570E-05     0.253597E-02     0.397337E-02     0.845445E-05
        7         2.176461        -0.626038     0.169281E-05     0.389076E-02     0.178755E-02     0.311168E-04
        8         0.714007        -0.877318     0.216718E-05     0.866310E-03     0.121330E-02     0.147669E-04
        9         0.862161        -0.851862     0.167924E-05     0.505728E-02     0.586581E-02     0.115755E-04
       10         2.123203        -0.635188     0.696946E-06     0.749221E-02     0.352867E-02     0.764235E-05
       11         3.058534        -0.474479     0.117797E-05    -0.268369E-02    -0.877550E-03     0.163293E-04
       12         0.596556        -0.897499    -0.610363E-06     0.126703E-02     0.212389E-02    -0.121207E-04
       13         1.499974        -0.742273     0.408830E-06     0.196863E-01     0.131244E-01     0.365360E-05
       14        11.414857         0.961316     0.240466E-07    -0.953499E+00    -0.835314E-01     0.175792E-07
       15         1.072701        -0.815687     0.115876E-05     0.462194E-02     0.430867E-02     0.126817E-04
       16         0.950951        -0.836606     0.157681E-05     0.615073E-02     0.646797E-02     0.103695E-04
       17         2.333341        -0.599082     0.358903E-06     0.156781E-01     0.671902E-02     0.648279E-05
       18         0.492407        -0.915394     0.376137E-05     0.465059E-03     0.944474E-03     0.622984E-04
       19         1.785319        -0.693244     0.109278E-05     0.396372E-02     0.222013E-02     0.115313E-04
       20        16.474214         1.830621    -0.126415E-06    -0.380821E+01    -0.231162E+00    -0.180302E-06
       21        17.221165         1.958963    -0.137966E-06    -0.429500E+01    -0.249402E+00    -0.211942E-06
       22         4.086919        -0.297780     0.450455E-06     0.446338E-01     0.109211E-01     0.348106E-05
       23         0.325163        -0.944130     0.180609E-05     0.188975E-02     0.581169E-02     0.191121E-04
       24         1.200008        -0.793813     0.629363E-07     0.170637E-01     0.142196E-01     0.200540E-06
       25         9.575099         0.645206    -0.161360E-06    -0.937965E+00    -0.979588E-01    -0.168616E-06
       26         3.610796        -0.379588     0.451689E-06     0.412833E-01     0.114331E-01     0.791442E-05
       27         5.403940        -0.071488    -0.883679E-07    -0.729445E-01    -0.134985E-01    -0.597828E-06
       28         3.713419        -0.361956     0.144314E-05    -0.129208E-01    -0.347964E-02     0.251214E-04
       29         0.115465        -0.980161     0.234285E-05     0.297266E-03     0.257451E-02     0.827668E-04
       30         1.865688        -0.679435     0.448513E-06     0.323991E-01     0.173657E-01     0.122465E-04
       31         4.360061        -0.250849     0.447683E-06     0.732942E-01     0.168103E-01     0.248736E-05
       32         5.534427        -0.049068     0.281878E-06     0.779607E-01     0.140864E-01     0.136579E-05
       33         2.228808        -0.617043     0.667062E-06     0.473165E-01     0.212295E-01     0.663085E-05
       34         1.580626        -0.728415     0.769859E-06     0.319684E-01     0.202251E-01     0.891639E-05
       35         1.696294        -0.708541     0.700824E-06     0.368437E-01     0.217201E-01     0.766017E-05
       36         1.137045        -0.804632    -0.546309E-06     0.173710E-01     0.152773E-01    -0.239756E-04
       37         0.859500        -0.852320    -0.382286E-06     0.171449E-03     0.199417E-03    -0.139454E-04
       38         3.529501        -0.393557     0.238212E-05    -0.482075E-01    -0.136586E-01     0.413382E-04
       39         0.706508        -0.878607     0.431018E-06     0.378136E-02     0.535214E-02     0.121300E-04
       40         2.382633        -0.590613     0.542421E-07     0.345126E-01     0.144850E-01     0.216233E-06
       41         1.240365        -0.786879    -0.858231E-06     0.404751E-02     0.326308E-02    -0.224868E-04
       42         1.785802        -0.693161     0.344052E-06     0.199820E-01     0.111893E-01     0.941182E-05
       43         1.590777        -0.726671    -0.154951E-05     0.370131E-02     0.232663E-02    -0.433409E-04
       44         1.372043        -0.764254    -0.229164E-05     0.910969E-02     0.663942E-02    -0.638615E-04
       45         1.533306        -0.736545     0.322838E-06    -0.420752E-02    -0.274413E-02     0.516620E-05
       46         0.975690        -0.832356    -0.183794E-06    -0.309344E-02    -0.317054E-02    -0.180392E-05
       47         0.467750        -0.919631    -0.105151E-05    -0.133176E-03    -0.284768E-03    -0.467455E-04
       48         3.841378        -0.339969     0.908041E-06     0.124591E-01     0.324321E-02     0.163548E-04
       49         0.572123        -0.901697    -0.375188E-06     0.297475E-02     0.519946E-02    -0.903929E-05
       50         1.211119        -0.791904    -0.303993E-06     0.295071E-01     0.243634E-01    -0.120854E-04
       51         3.770975        -0.352066     0.561314E-06     0.628798E-01     0.166746E-01     0.342382E-05
       52         0.585755        -0.899355     0.176484E-05     0.442023E-02     0.754619E-02     0.158170E-04
       53         1.652089        -0.716136     0.537139E-07     0.331688E-01     0.200767E-01    -0.991184E-06
       54         1.666455        -0.713667     0.665173E-06    -0.612123E-03    -0.367395E-03     0.111710E-04
       55         0.969482        -0.833422     0.126028E-05     0.143151E-01     0.147657E-01     0.111279E-04
       56         1.417426        -0.756456     0.102586E-05     0.265054E-01     0.186996E-01     0.745256E-05
       57         1.989488        -0.658164     0.736891E-06     0.266847E-01     0.134128E-01     0.636219E-05
       58        15.173009         1.607046    -0.190420E-06    -0.324744E+01    -0.214027E+00    -0.274812E-06
       59         1.192980        -0.795021     0.801525E-06     0.400278E-02     0.335521E-02     0.206179E-04
       60         0.219532        -0.962280     0.334560E-05     0.309805E-03     0.141121E-02     0.327162E-04
       61         2.433019        -0.581956    -0.862556E-07     0.294497E-01     0.121041E-01    -0.916121E-06
       62         0.820847        -0.858961     0.726212E-06     0.124720E-02     0.151938E-02     0.836218E-05
       63         0.765228        -0.868518     0.203360E-05     0.138377E-02     0.180831E-02     0.134514E-04
       64         0.915539        -0.842691     0.149021E-05     0.971782E-02     0.106143E-01     0.115106E-04
       65         3.325067        -0.428683     0.235758E-05    -0.480290E-01    -0.144447E-01     0.415080E-04
       66         0.760329        -0.869359     0.201555E-05    -0.204643E-02    -0.269151E-02     0.279247E-04
       67         2.135647        -0.633050    -0.322389E-06     0.539644E-01     0.252683E-01    -0.596664E-05
       68         3.061978        -0.473887     0.644613E-06     0.638688E-01     0.208586E-01     0.470650E-05
       69         0.843870        -0.855005     0.421794E-06    -0.182584E-02    -0.216367E-02     0.527865E-05
       70         1.532503        -0.736683     0.671604E-06     0.303253E-01     0.197880E-01     0.742163E-05
       71         2.710388        -0.534298    -0.591653E-06    -0.401878E-02    -0.148289E-02    -0.144382E-04
       72         1.360460        -0.766244    -0.452255E-06     0.126073E-01     0.926687E-02    -0.386691E-05
       73         1.263583        -0.782890     0.212950E-06     0.191587E-01     0.151621E-01    -0.201551E-05
       74         2.361143        -0.594305     0.618775E-06     0.564720E-01     0.239172E-01     0.548238E-05
       75         2.059406        -0.646150     0.104677E-05     0.349968E-02     0.169931E-02     0.104922E-04
